4517.5380859
4614.5908459
4728.6337759
4857.6763659
4985.7713259
5098.8553859
5245.9237959
5373.9823759
5487.0664359
5600.1504959
5728.2090759
5799.2461859
5914.2731259
6043.3157159
6114.3528259
6251.4117359
6382.4522259
6538.5533359
6685.6217459
6799.6646759
6902.6738659
7016.7167959
7147.7572859
7244.8100459
7358.8529759
7459.9006559
7590.9411459
7691.9888259
7829.0477359
7960.0882259
8057.1409859
8114.1624459
8243.2050359
8406.2683659
8592.3476759
8705.4317359
8762.4531959
8849.4852259
9035.5645359
9164.6071259
9235.6442359
9366.6847259
9494.7796859
9641.8480959
9772.8885859
9901.9311759
10029.9897559
10167.0486659
10280.1327259
10466.2120359
10594.2706159
10697.2798059
10798.3274859
10929.3679759
11026.4207359
11140.4636659
11255.4906059
11383.5491859
11480.6019459
11567.6339759
11695.6925559
11823.7511359
11926.7603259
11983.7817859
12082.8501959
12219.9091059
12332.9931659
12496.0564959
12595.1249059
12723.2198659
12851.3148259
12966.3417659
13081.3687059
13194.4527659
13251.4742259
13388.5331359
13519.5736259
13656.6325359
13784.6911159
13915.7316059
13986.7687159
14172.8480259
14328.9491359
14429.9968159
14545.0237559
14648.0329459
14705.0544059
14819.0973359
14947.1559159
15075.2144959
15174.2829059
15271.3356659
15368.3884259
15483.4153659
15584.4630459
15713.5056359
15800.5376659
15901.5853459
16032.6258359
