853
205 45
257 99
831 497
403 167
487 550
87 313
127 84
428 380
789 215
108 41
54 192
381 168
738 409
196 420
90 71
83 375
286 57
76 176
2 4
774 20
277 225
391 739
785 796
165 166
258 671
466 145
589 777
190 307
67 357
527 236
196 346
259 281
679 118
115 697
77 536
111 398
411 341
750 479
424 64
47 181
324 208
206 401
690 257
76 94
545 650
148 117
347 268
111 576
351 187
540 489
559 361
27 9
457 382
328 754
566 440
350 47
234 11
116 807
182 130
79 104
58 79
96 20
96 150
85 70
339 61
602 633
25 343
8 39
342 782
554 548
582 110
42 135
335 417
450 49
821 23
395 500
706 259
498 82
669 680
442 287
548 129
749 420
294 166
4 140
12 694
38 47
222 5
200 69
846 789
104 673
103 89
114 11
568 342
235 133
55 23
106 99
2 495
67 109
62 13
64 278
358 677
517 571
51 45
113 23
194 189
110 141
207 468
641 442
291 189
635 247
405 731
300 145
718 281
226 159
388 642
586 384
367 179
448 634
707 791
784 8
1 2
828 617
609 382
115 93
486 325
275 561
169 672
391 333
193 385
201 748
185 62
279 389
229 99
358 254
148 293
272 344
448 12
18 164
453 522
413 422
184 18
479 146
5 70
521 260
703 609
110 36
757 142
9 1
140 623
724 476
359 374
68 532
685 108
571 794
661 255
200 429
50 174
28 144
275 156
763 369
304 504
630 361
213 434
97 412
51 745
108 238
12 45
65 327
123 112
98 28
696 313
837 804
402 219
629 196
218 191
37 290
21 91
783 146
819 249
252 204
365 3
848 135
771 276
248 146
2 35
332 106
314 447
556 645
413 206
444 583
695 510
49 45
173 348
240 465
800 79
204 793
68 449
389 852
228 312
239 716
166 396
78 256
61 469
736 43
832 652
22 487
44 21
80 288
71 28
161 34
2 331
451 531
645 662
103 178
193 44
227 129
622 180
643 243
170 128
269 96
547 114
86 72
318 19
543 97
605 138
39 120
845 233
601 620
154 395
833 348
366 496
373 279
100 243
121 376
513 425
652 111
320 297
810 764
693 413
787 518
77 78
655 632
158 250
521 803
212 735
563 225
545 785
208 333
407 14
197 193
801 698
7 67
463 379
22 13
83 134
437 336
187 56
292 127
272 287
32 122
26 549
28 5
133 254
638 576
395 416
725 775
470 434
220 305
505 112
284 151
219 225
60 156
16 710
395 786
271 490
644 264
440 193
116 7
110 523
35 68
247 780
197 361
707 790
811 371
230 516
129 146
214 159
73 137
3 2
709 546
56 399
397 314
57 43
354 232
744 220
116 208
139 726
217 109
69 210
18 792
648 74
433 452
585 839
90 143
37 159
722 689
580 240
240 260
712 813
514 584
27 154
334 312
535 221
503 117
285 176
610 714
602 328
73 54
310 414
179 719
179 40
5 363
28 36
99 280
212 167
27 240
140 459
530 99
211 303
598 712
285 435
25 32
528 70
69 49
117 242
674 632
262 715
55 133
259 767
107 76
206 409
646 253
596 469
11 1
707 550
245 157
706 720
52 21
153 155
590 729
423 509
303 691
604 367
69 512
369 489
207 590
430 24
816 783
213 31
345 336
237 545
766 246
93 651
647 340
228 14
353 408
2 30
26 12
135 147
311 75
15 7
299 275
842 125
520 76
39 189
195 115
183 464
215 80
369 336
39 688
11 13
514 587
115 628
473 591
564 676
31 42
30 191
773 472
394 217
273 8
170 282
498 519
377 6
131 476
125 18
359 343
276 473
97 20
209 73
23 33
446 233
159 572
534 261
57 198
176 330
77 196
132 123
72 368
8 326
29 37
808 654
186 180
133 201
303 717
46 574
45 216
652 761
152 295
167 133
95 556
231 167
352 75
649 86
76 68
159 835
52 508
268 143
158 94
499 43
408 460
514 129
699 567
10 18
553 218
329 306
298 294
850 657
35 204
59 117
83 78
308 127
125 173
618 450
558 522
353 458
45 317
847 413
624 534
640 499
666 98
524 202
18 31
75 246
573 289
795 712
166 491
169 600
43 82
366 104
538 233
130 34
658 643
490 601
102 301
20 14
380 746
362 328
323 127
1 121
493 142
266 6
617 743
725 799
11 221
710 798
77 6
335 267
555 529
711 236
806 571
107 136
14 118
579 514
218 617
669 212
165 270
23 14
89 461
262 370
705 463
637 356
153 90
274 425
51 353
461 478
367 588
841 331
277 340
169 58
132 151
369 533
247 112
368 485
586 734
7 654
7 4
17 338
826 105
742 252
372 462
206 502
227 597
172 199
39 111
727 605
639 553
94 145
160 157
517 89
158 392
154 297
139 188
17 279
263 625
88 41
360 445
725 621
818 189
815 239
30 730
226 827
254 608
825 530
515 448
259 83
93 142
326 360
561 797
542 263
400 454
752 35
721 397
451 56
92 63
172 255
97 668
653 39
77 483
291 342
309 158
760 732
341 241
26 38
13 607
39 765
47 304
234 302
157 153
337 37
184 438
384 692
481 161
258 111
34 261
100 21
214 834
183 81
551 193
81 316
14 10
465 557
292 310
241 113
497 665
484 236
158 684
589 464
564 231
349 29
71 418
139 202
472 306
585 260
306 283
68 75
56 53
158 817
152 274
48 66
447 606
546 6
74 67
146 433
226 356
701 27
427 436
562 96
769 395
272 732
362 444
14 60
240 272
682 549
388 313
149 31
560 38
15 21
33 46
565 146
91 776
112 128
431 432
102 539
355 2
432 488
8 7
427 592
233 537
758 96
230 203
581 176
638 779
387 455
567 279
376 824
35 263
72 8
625 753
205 405
322 123
219 627
311 378
844 608
325 307
104 232
171 58
24 15
219 72
65 21
400 338
42 101
61 9
447 840
17 614
788 563
192 271
23 43
244 96
611 72
764 643
147 328
31 99
500 526
435 474
220 382
298 631
2 19
390 192
52 63
199 843
224 149
182 689
475 25
250 253
33 54
380 78
16 379
541 387
723 690
476 733
404 345
802 714
774 830
66 138
31 64
812 793
63 544
660 444
318 755
48 102
465 552
207 172
95 364
36 59
728 4
448 467
441 364
16 10
809 829
575 347
25 10
289 12
105 79
15 95
83 636
686 74
94 675
152 30
415 110
756 458
56 190
704 176
814 435
276 247
71 239
482 313
41 81
386 343
124 120
53 770
40 19
12 50
127 598
9 223
175 15
612 708
158 267
608 632
543 578
41 3
373 670
340 737
700 63
796 851
53 206
621 562
137 336
65 471
414 492
511 136
768 322
126 95
91 423
233 18
527 667
119 112
529 101
6 518
702 376
48 20
176 265
207 296
15 172
81 131
510 497
849 316
266 772
663 514
264 30
6 4
89 34
327 427
616 402
236 180
551 599
741 694
64 162
419 126
207 497
560 781
151 406
613 11
437 619
452 836
13 53
14 203
759 381
33 34
49 129
12 9
7 393
507 29
17 6
258 805
356 494
593 248
740 26
35 384
657 308
251 610
629 809
63 220
321 303
295 664
139 92
751 248
5 3
