1000 9888
656 587
180 313
254 622
609 621
95 686
498 164
781 785
727 53
711 592
164 789
823 582
66 362
864 541
647 660
372 876
247 400
468 611
215 758
298 238
191 377
85 230
912 878
296 451
852 568
981 924
770 759
343 567
102 705
78 852
854 245
969 589
600 238
249 199
912 411
105 939
70 951
865 413
458 749
134 964
605 595
753 704
920 826
218 231
72 550
509 495
880 205
642 645
809 199
991 747
482 937
16 29
515 117
454 323
549 286
550 553
510 122
221 253
279 541
414 380
452 55
509 162
115 791
921 72
633 342
119 807
319 417
121 426
139 7
400 553
475 239
654 638
333 197
742 99
444 674
85 868
157 439
203 729
125 628
703 668
530 962
241 511
78 218
336 469
744 466
724 712
160 611
821 370
555 298
495 311
44 511
588 137
52 288
78 698
498 200
714 653
302 567
782 502
946 711
970 889
982 120
549 523
269 565
886 964
977 536
908 670
29 451
985 53
288 195
398 136
79 135
334 778
286 937
269 165
363 278
164 461
100 575
175 207
624 945
382 897
248 628
165 997
310 388
614 732
45 591
338 475
890 92
763 454
340 125
178 112
515 947
623 818
994 142
652 328
799 523
417 793
235 254
533 699
832 76
26 63
615 851
853 682
784 26
794 56
262 498
158 259
784 126
359 230
676 36
434 699
471 846
330 504
220 468
922 228
816 431
709 60
582 314
395 44
788 717
914 768
935 942
268 277
564 948
323 798
766 54
327 830
552 264
55 463
920 364
479 643
978 222
820 717
414 459
520 407
898 447
138 451
977 414
885 573
232 339
843 118
7 782
216 743
594 304
542 16
376 705
588 470
682 927
683 490
907 738
251 940
470 398
933 622
75 378
293 655
591 658
351 409
8 305
1000 389
602 121
964 608
470 505
627 246
882 985
172 659
527 43
913 387
660 648
866 421
21 850
563 511
925 764
74 272
660 639
277 861
539 358
84 329
856 482
909 296
458 2
991 508
667 474
409 510
853 507
446 547
443 461
13 196
457 458
993 264
424 29
814 270
175 336
416 609
899 12
59 507
648 268
98 351
524 679
562 494
69 206
482 593
836 608
639 125
803 198
698 48
254 36
382 121
816 331
283 910
345 607
823 8
970 716
534 970
849 405
940 996
654 802
932 640
443 437
543 46
180 512
487 900
275 748
48 402
622 476
180 695
867 987
54 152
958 994
464 98
686 589
790 352
854 691
822 157
935 406
702 487
663 871
525 834
877 643
642 702
403 110
422 446
868 90
65 915
785 205
808 805
683 103
298 11
670 355
304 177
602 93
624 573
56 57
518 311
901 181
210 883
504 651
412 390
507 768
125 689
631 75
929 645
568 451
416 816
532 614
311 545
477 729
23 365
703 479
502 180
531 769
765 882
404 522
737 589
496 509
574 328
583 10
568 289
329 211
628 913
19 619
709 688
287 366
658 878
352 267
364 691
961 935
840 560
474 786
143 891
225 972
465 701
68 494
253 901
641 594
55 224
809 388
690 56
465 718
596 774
177 82
159 70
232 415
280 869
712 426
908 351
693 671
231 880
641 380
823 108
880 622
353 738
29 743
881 800
43 471
44 36
747 934
533 24
114 508
650 452
232 171
695 372
418 256
864 816
403 172
828 859
392 998
670 18
655 922
323 133
20 163
60 848
581 526
485 441
142 890
170 131
105 622
588 365
259 587
228 364
692 435
584 540
34 549
846 700
170 421
298 382
198 479
660 576
238 940
496 59
329 493
915 370
865 547
60 267
278 438
460 557
340 235
801 623
307 482
255 504
661 971
387 90
886 10
9 556
653 875
411 320
947 178
70 967
153 953
136 966
658 850
219 648
993 417
795 407
597 815
148 619
499 345
316 289
585 248
13 383
899 354
956 369
585 73
456 129
510 340
120 128
564 977
645 135
864 15
427 771
68 119
106 462
785 665
685 896
305 508
362 743
167 648
822 470
48 123
665 364
973 725
777 618
228 204
387 142
157 216
105 159
182 49
55 569
501 821
686 645
964 367
725 84
788 221
437 489
411 706
578 842
450 100
893 304
863 648
977 893
730 95
94 478
366 291
320 439
526 875
441 87
614 16
791 605
703 305
445 1
485 768
436 452
511 768
356 563
340 152
213 150
360 332
207 424
961 220
725 43
782 930
680 868
536 712
45 590
338 624
378 809
179 824
731 871
224 415
222 894
419 629
980 78
692 634
676 327
14 618
865 154
940 588
889 12
211 120
799 411
433 22
366 724
936 187
520 954
560 583
619 36
652 459
583 385
344 518
419 212
370 570
746 929
73 345
770 465
572 869
314 85
277 79
686 229
910 939
747 265
569 985
181 483
699 106
383 973
941 489
29 687
767 939
937 942
901 523
189 809
405 860
632 131
252 246
706 719
94 894
202 864
354 731
262 974
821 341
128 430
683 348
627 482
224 519
777 791
500 373
726 466
227 535
588 851
256 258
185 412
299 484
816 714
800 719
725 651
686 899
821 152
734 603
551 3
65 208
742 682
47 864
639 730
511 855
522 662
998 915
985 16
420 997
972 314
701 340
283 39
478 198
460 629
465 805
614 488
123 661
856 580
456 544
239 799
849 959
645 398
895 94
857 872
572 197
353 25
743 300
545 667
412 918
326 820
420 441
558 131
852 420
280 587
362 232
897 739
225 176
245 317
301 123
603 903
676 89
969 209
678 728
348 373
234 177
901 845
24 271
277 99
907 244
124 640
641 384
842 515
184 773
572 760
846 459
891 208
615 314
450 488
794 721
523 53
615 395
360 389
233 921
939 196
788 439
834 693
963 75
674 42
901 257
703 949
523 275
548 678
953 82
958 221
576 482
781 892
394 596
433 854
368 749
965 245
687 630
412 16
341 182
187 784
585 105
83 995
389 864
319 739
602 461
237 406
902 550
411 89
433 513
235 893
531 184
452 37
950 818
863 119
600 461
127 741
169 424
62 445
58 476
249 154
1000 958
161 860
899 218
61 251
64 1
66 595
654 336
639 306
163 343
736 627
701 971
994 183
207 134
961 934
799 450
231 60
141 276
1 385
610 391
611 930
923 494
966 448
14 973
552 20
435 696
867 669
463 536
547 283
422 829
211 270
49 159
710 852
971 980
510 318
171 652
245 563
637 369
384 115
573 693
776 905
859 936
111 15
370 183
595 978
320 992
693 289
592 700
216 672
108 918
825 490
916 503
864 928
265 3
624 802
522 420
53 213
476 944
510 980
583 493
90 330
540 888
557 822
230 882
217 69
735 143
334 812
117 676
27 196
299 603
467 397
840 913
30 985
668 75
451 897
748 153
711 39
714 793
202 245
442 580
170 599
688 920
729 252
107 176
161 888
40 119
406 90
135 632
943 161
781 6
36 963
473 687
865 381
495 558
956 44
155 802
390 590
314 860
575 891
463 445
724 372
101 389
282 353
980 376
658 644
920 483
742 406
643 590
86 910
492 917
914 941
534 386
257 86
263 152
167 892
918 924
376 969
893 124
430 746
822 56
717 302
845 249
103 703
161 156
694 998
162 207
826 166
440 469
893 350
911 355
273 587
740 247
88 630
56 780
322 171
143 427
240 480
298 192
89 253
640 763
592 228
496 201
739 151
705 795
943 257
673 357
571 958
829 378
944 625
964 947
126 686
238 568
956 867
781 328
31 633
499 76
957 363
236 425
454 112
37 40
848 555
278 194
652 507
815 25
174 915
821 744
398 603
148 810
163 367
861 860
650 871
652 217
433 21
872 24
550 760
633 22
196 380
288 879
201 130
794 425
687 422
637 727
913 557
418 901
449 937
726 136
810 959
889 990
907 203
289 656
20 800
572 725
812 196
82 425
823 964
834 575
7 251
928 696
266 51
103 594
659 568
892 157
862 773
10 60
998 453
447 65
142 529
987 116
733 616
60 938
116 542
102 537
233 734
364 624
590 258
976 114
484 876
423 169
998 551
285 136
379 85
472 945
826 412
755 494
578 333
905 11
302 693
583 732
344 363
859 348
845 289
422 114
8 386
317 392
778 746
968 341
138 525
277 916
826 766
887 27
302 407
873 697
554 4
76 850
445 405
174 717
730 453
218 529
383 249
481 353
654 202
624 991
752 228
166 416
340 403
388 976
951 290
867 531
83 96
46 84
267 345
654 407
913 751
2 6
6 582
709 397
914 723
747 278
25 72
279 583
874 223
331 254
1 247
132 911
774 458
611 756
409 858
399 605
560 798
971 952
695 896
59 790
440 546
157 381
529 714
508 151
73 598
487 558
864 167
827 301
441 218
224 710
445 674
817 343
160 574
694 63
351 222
471 498
418 250
592 721
688 196
432 898
197 654
208 89
996 130
247 280
195 357
158 113
238 197
403 112
702 372
206 615
599 212
655 166
548 822
398 437
481 961
961 351
342 214
769 592
889 976
21 771
55 380
905 176
284 91
195 528
677 412
164 545
274 417
921 874
242 493
690 608
229 753
892 407
624 797
794 764
705 124
304 819
601 3
13 149
820 347
714 994
199 878
442 673
406 460
444 119
156 675
784 764
793 578
69 442
299 141
562 257
549 992
880 164
963 162
706 608
66 550
691 204
896 740
533 753
527 855
563 774
547 397
982 844
362 205
183 41
519 595
222 593
225 211
652 112
653 265
965 247
605 48
41 673
776 684
908 345
403 155
182 146
422 909
877 457
480 382
873 505
49 239
159 358
769 214
685 922
724 576
413 247
537 163
760 788
319 253
647 483
125 190
340 424
627 36
828 853
116 551
12 682
518 100
416 146
878 70
789 735
994 579
78 526
25 642
445 793
967 884
224 321
660 876
147 915
555 126
583 676
164 758
312 833
951 652
728 457
302 604
855 944
258 64
166 191
832 423
54 544
563 912
9 880
430 256
912 527
195 925
950 799
891 885
753 884
277 516
994 118
226 236
154 369
869 854
92 517
199 739
974 671
277 629
649 514
10 784
417 737
567 532
490 344
348 814
365 648
116 306
334 745
814 183
301 416
908 136
12 85
895 8
418 668
855 168
888 314
11 791
983 693
394 564
468 486
926 985
280 724
528 408
581 138
439 212
22 356
334 58
281 174
770 378
776 983
581 940
585 425
13 741
437 164
820 667
83 193
256 26
180 42
167 972
538 736
261 263
82 740
671 332
206 371
381 312
758 940
584 708
553 639
208 146
997 158
928 635
588 429
226 618
299 506
731 415
668 263
226 733
368 351
265 399
43 782
389 790
907 985
850 229
397 267
274 86
222 288
479 403
320 312
653 602
891 51
907 822
559 767
821 932
109 146
237 349
921 802
499 842
49 335
647 808
612 223
464 519
583 942
51 41
986 916
680 727
976 702
307 448
409 400
461 826
434 965
165 883
904 765
887 634
926 894
784 851
547 500
774 717
336 985
444 396
780 118
505 650
676 39
225 260
883 477
739 212
315 409
318 808
157 630
755 378
515 368
681 536
884 49
686 235
430 549
471 139
254 233
440 549
665 44
573 651
154 555
138 404
233 18
162 14
660 369
163 827
241 527
447 499
108 825
937 829
58 190
849 217
498 9
206 878
172 842
194 782
843 114
323 206
676 586
152 294
280 283
483 308
393 28
216 665
821 452
53 106
73 868
994 920
635 918
835 184
17 553
803 982
460 514
111 405
830 509
305 161
184 366
198 635
700 985
536 874
369 239
137 225
215 552
401 180
80 501
632 834
503 493
825 445
204 910
728 304
691 420
766 808
639 570
218 542
226 37
361 986
412 754
434 22
17 6
550 424
752 205
611 170
80 674
580 827
687 1
669 534
467 304
236 285
255 3
137 999
166 560
169 364
778 148
351 636
231 26
343 956
400 936
166 393
184 879
162 116
153 224
245 394
638 467
50 168
823 359
609 191
292 253
980 322
719 486
786 289
975 457
270 875
788 748
382 463
386 392
150 465
501 875
291 285
793 195
228 928
889 618
440 688
917 162
372 455
521 602
677 62
579 492
82 684
673 887
711 731
72 362
219 461
4 759
224 549
427 248
636 378
532 45
589 12
902 875
601 582
708 942
693 30
700 782
687 624
137 140
247 57
87 400
218 289
551 33
829 735
153 853
164 546
381 804
221 527
702 38
837 974
249 446
967 531
731 530
278 425
299 910
795 719
144 973
520 56
616 449
9 565
763 274
140 281
987 902
734 113
918 360
921 564
4 504
499 544
139 509
551 239
73 219
491 196
148 739
75 901
64 434
706 609
266 594
526 268
912 224
144 122
326 790
447 961
524 981
708 957
598 674
452 918
440 784
23 899
444 436
836 982
28 827
505 578
317 587
456 26
205 641
791 414
760 200
559 674
854 790
712 811
384 198
669 865
408 204
172 93
875 678
15 561
471 179
571 97
385 300
370 290
560 254
878 46
91 452
128 74
937 996
846 84
500 528
566 87
474 119
312 262
864 819
134 195
962 448
691 770
341 901
769 352
128 360
756 752
65 963
7 992
138 785
930 450
364 697
461 445
906 282
911 47
548 811
19 95
743 972
483 42
322 244
856 704
753 116
900 195
593 343
647 950
89 16
346 609
293 422
919 470
529 376
258 266
316 248
658 175
911 739
398 978
541 610
305 762
550 496
787 542
518 850
444 139
697 570
356 975
286 738
288 615
965 968
947 341
162 551
399 822
808 13
990 277
402 18
740 804
926 573
430 812
865 93
828 327
330 802
136 793
11 871
839 705
684 646
701 544
957 918
806 996
931 39
328 112
985 818
90 982
825 665
702 753
495 93
736 13
43 404
968 143
343 84
146 247
609 675
112 965
756 310
370 217
591 932
869 241
637 117
394 185
389 647
345 429
111 146
593 247
206 642
30 492
90 155
488 114
61 554
781 817
587 622
864 573
424 602
267 744
430 327
181 866
868 236
635 235
394 765
677 450
586 527
496 203
354 233
192 756
190 835
283 175
326 259
437 938
996 28
403 758
153 719
523 793
925 645
30 827
682 55
986 516
805 64
735 899
518 943
44 758
170 585
943 214
343 810
666 297
773 627
207 203
550 386
563 931
658 949
685 396
335 55
83 70
103 59
268 204
415 399
190 616
662 900
685 285
589 301
839 532
820 573
694 18
845 552
21 230
30 119
742 432
466 887
598 948
968 461
953 639
715 872
353 559
427 864
581 911
103 511
270 478
676 661
453 540
717 383
720 557
37 989
3 709
298 735
764 958
765 83
12 525
91 12
337 908
814 622
85 614
855 70
879 76
748 408
611 769
594 300
81 391
323 350
215 852
623 75
920 812
975 846
937 623
699 664
646 79
905 9
389 248
86 82
327 412
516 159
797 764
589 926
400 493
164 414
551 354
17 903
144 994
934 249
188 507
64 137
586 258
218 654
202 11
519 826
633 869
870 586
961 814
411 269
896 875
658 774
934 987
536 572
398 489
775 612
321 568
453 43
734 180
887 974
176 640
461 737
814 95
192 442
374 598
451 407
550 629
537 314
334 448
284 813
546 568
653 372
358 506
736 150
720 747
824 825
772 728
935 735
703 579
82 395
892 983
234 883
442 213
507 363
586 666
703 104
764 817
396 807
551 877
350 630
668 527
564 456
198 698
517 752
649 334
498 780
336 191
941 910
601 581
582 896
288 903
925 442
342 212
604 767
240 298
147 998
296 492
459 8
481 560
632 752
246 368
895 671
80 466
601 144
378 27
199 987
64 692
792 655
278 430
264 360
230 951
875 430
752 179
715 57
292 350
83 691
134 989
623 395
601 434
178 165
89 326
531 411
680 831
618 693
349 140
227 752
250 307
72 527
396 466
608 560
364 478
24 545
595 298
443 41
81 537
163 438
236 544
845 654
525 506
678 962
12 145
729 673
180 851
287 25
297 717
881 418
56 720
129 4
612 973
24 366
704 400
63 951
435 968
629 986
703 615
941 302
38 390
604 232
609 646
383 791
544 835
45 394
837 638
217 541
694 25
151 893
39 236
96 430
314 477
228 187
181 107
157 18
489 546
897 475
419 779
478 952
170 143
388 218
831 118
337 758
781 669
294 228
316 548
243 764
637 465
428 858
53 323
455 51
666 798
338 831
528 787
411 905
322 356
645 144
389 445
631 43
412 277
199 959
368 121
893 98
292 676
273 202
386 779
622 628
115 734
296 4
524 660
586 273
672 367
456 714
273 500
901 701
349 1
921 384
693 940
759 921
732 966
895 10
295 704
323 6
776 620
740 805
580 530
629 235
337 475
45 42
46 509
518 659
804 169
798 900
699 469
665 165
704 333
46 364
654 879
803 19
920 116
828 678
327 998
870 440
742 775
654 905
636 286
815 930
254 572
846 800
81 410
9 325
581 605
414 844
860 388
110 95
226 616
579 52
350 289
446 125
907 765
692 381
379 74
806 461
899 701
772 693
510 868
795 636
253 527
308 501
592 72
167 274
924 143
568 161
87 603
345 104
589 75
56 501
460 367
783 245
753 52
238 588
294 994
192 868
529 347
565 429
74 328
620 156
900 454
717 49
117 310
64 174
136 363
13 219
566 777
736 720
588 849
61 207
338 468
448 188
856 41
343 805
109 579
93 350
61 419
746 632
639 247
35 349
823 492
245 436
892 925
141 345
420 272
150 233
82 243
345 931
72 805
788 603
658 567
784 130
414 349
244 402
267 109
965 350
715 875
239 153
332 589
559 970
765 225
103 510
471 122
755 951
2 613
479 543
100 320
677 976
604 208
684 24
479 940
304 311
447 66
765 451
640 158
470 161
418 324
467 925
85 470
765 436
12 876
380 150
807 179
475 650
705 553
133 960
670 249
142 822
164 810
864 730
21 635
318 215
636 54
179 384
756 975
331 818
711 309
290 991
882 805
791 637
919 424
669 833
39 262
222 429
264 333
438 709
222 60
574 337
904 957
583 29
755 819
287 967
97 822
448 152
339 450
912 375
145 674
408 566
61 324
64 424
796 921
932 201
908 738
648 245
442 349
303 616
127 675
564 426
888 68
573 346
611 539
671 829
233 321
445 33
417 538
328 171
760 174
334 449
340 594
415 128
625 772
664 948
383 540
206 63
135 1
799 46
124 668
15 991
36 474
21 106
495 39
424 632
279 806
813 795
379 566
585 359
380 869
367 89
548 460
701 336
517 539
315 611
579 494
380 75
567 337
556 610
629 648
872 499
376 738
472 993
34 824
553 856
842 963
704 992
503 60
858 93
532 158
475 519
497 451
749 213
218 303
40 579
287 741
313 465
695 232
341 35
529 282
717 368
147 854
294 987
275 741
673 290
889 548
553 276
544 49
654 58
165 475
772 193
496 498
481 386
279 51
283 436
377 81
109 634
848 758
710 140
878 950
520 792
779 862
779 517
992 299
588 639
992 848
849 697
171 853
4 313
49 433
837 168
490 5
129 377
149 886
179 643
1 167
202 736
228 608
626 967
68 137
841 911
755 849
183 200
756 62
793 44
483 690
419 553
301 893
927 217
286 211
15 563
567 102
272 525
111 922
577 822
358 705
86 784
152 66
961 768
755 134
362 543
440 317
42 657
152 497
635 626
137 355
138 140
663 96
17 981
414 849
649 280
638 870
673 130
878 69
346 986
552 769
792 304
351 335
427 375
907 545
806 305
455 157
646 334
316 549
609 620
682 114
187 816
133 314
541 173
943 361
285 623
677 445
643 19
91 672
958 430
122 214
621 16
75 244
840 899
155 60
602 719
218 724
995 820
139 736
752 640
849 861
865 256
24 864
829 165
210 695
173 449
468 259
586 426
468 416
754 740
884 651
705 488
447 951
838 76
73 116
690 463
123 187
461 680
172 285
210 104
248 75
266 854
721 636
352 249
405 97
484 494
621 354
538 973
942 774
443 387
82 449
950 118
772 882
662 314
993 977
498 401
335 518
600 685
51 803
894 307
258 935
263 442
266 490
986 317
570 60
630 996
591 614
24 152
225 809
781 990
798 68
871 694
105 275
68 262
347 378
834 872
673 174
547 597
271 125
42 407
686 872
856 639
904 217
214 121
69 800
789 609
521 195
961 260
105 734
342 797
769 925
807 893
481 639
929 727
457 812
946 434
674 645
199 930
900 455
539 257
278 343
390 893
132 106
566 782
805 78
810 468
633 847
687 110
49 654
895 203
919 75
286 732
917 614
684 267
315 188
840 589
989 52
850 346
409 32
42 158
893 728
550 798
405 20
797 786
500 792
791 448
522 475
249 515
140 758
628 57
738 713
613 427
826 853
608 37
627 195
167 796
688 77
63 863
746 223
930 6
950 461
128 52
341 970
432 922
629 815
110 137
428 622
177 938
967 539
324 559
695 552
320 714
561 524
268 874
68 532
532 251
695 601
62 923
186 571
43 990
326 404
997 401
708 964
639 880
96 804
529 719
122 812
513 194
125 679
106 659
716 78
437 539
167 390
481 667
152 997
62 168
355 190
339 549
986 964
958 358
338 663
654 955
549 779
799 735
740 698
64 139
924 289
835 646
766 958
838 347
586 256
460 615
420 192
847 731
596 345
27 942
501 27
913 961
161 804
109 550
648 306
317 953
748 387
508 888
624 177
642 304
491 874
143 877
348 785
168 151
352 468
667 879
417 680
20 627
628 712
629 49
709 515
589 739
61 202
832 844
742 451
634 712
907 154
196 483
289 711
586 855
163 250
220 505
385 84
417 121
611 760
996 586
357 176
230 134
305 349
182 37
223 859
723 259
542 965
944 116
928 873
31 320
362 681
219 32
864 187
438 322
315 757
190 483
580 47
525 922
129 841
332 848
191 31
470 194
72 365
146 652
648 598
498 187
890 649
217 801
929 134
981 687
16 606
894 948
697 88
200 640
535 840
517 845
4 784
777 16
961 339
564 232
527 484
325 732
34 539
221 923
916 685
496 134
313 464
117 602
532 509
240 187
424 306
578 79
800 61
14 491
758 332
333 783
544 50
403 929
120 575
482 186
304 646
141 45
930 914
662 753
738 107
921 569
832 236
45 657
507 111
269 969
933 418
862 472
738 218
386 199
176 735
528 260
791 181
776 626
303 595
947 491
749 971
552 25
625 709
37 607
996 776
651 479
465 704
926 599
289 626
469 996
131 551
25 40
723 449
200 2
37 689
385 176
685 5
851 357
871 862
893 994
965 277
949 944
237 638
930 270
461 118
462 305
357 37
214 406
471 61
498 509
171 417
908 58
102 763
667 163
786 766
90 787
950 437
957 525
368 977
53 62
551 787
419 700
744 155
691 948
919 668
223 371
151 758
522 998
37 532
490 796
998 739
731 292
548 854
398 405
664 363
665 982
939 211
982 87
961 424
265 369
971 83
916 560
666 911
117 687
523 766
781 462
787 837
401 2
653 788
809 46
256 954
900 371
631 843
300 679
956 480
853 445
601 396
39 886
867 369
946 64
575 785
889 122
837 250
490 471
914 629
649 736
192 373
291 107
898 1
917 291
774 628
944 335
97 381
871 156
15 880
77 407
307 953
879 742
145 867
176 7
819 991
894 417
716 897
764 917
485 148
806 662
545 189
370 212
9 506
581 714
394 164
422 286
918 755
925 173
621 542
582 812
52 303
270 354
458 706
789 654
756 727
336 234
122 567
450 126
547 596
289 164
274 176
4 857
955 747
78 622
450 913
380 862
87 484
381 647
365 2
147 947
208 835
706 222
544 301
816 514
411 998
86 164
909 327
553 689
40 540
214 391
960 605
784 506
230 787
854 185
829 373
153 716
9 656
361 849
359 714
94 141
645 259
577 117
320 218
891 789
804 676
53 744
312 558
390 781
487 247
472 308
628 983
656 751
297 335
686 497
2 564
625 419
130 121
166 667
297 472
814 215
357 552
819 383
554 752
794 3
844 726
600 334
233 363
417 636
862 690
442 153
337 453
27 513
603 558
784 132
596 343
595 194
951 153
898 263
242 717
314 206
728 71
668 751
513 228
916 231
185 859
2 611
24 471
775 92
525 629
640 225
306 813
42 711
685 879
172 838
410 895
397 871
816 881
873 864
470 22
91 815
779 564
301 259
630 880
612 475
298 911
171 151
411 676
998 728
621 659
600 421
725 661
861 411
319 868
849 410
22 713
350 842
575 439
743 785
817 891
894 891
365 375
173 836
615 769
249 422
341 510
36 588
753 982
806 88
423 744
905 377
570 847
820 332
126 719
861 616
378 475
173 614
88 2
477 912
409 368
192 96
502 333
469 636
342 762
583 258
248 311
624 178
719 231
644 711
889 50
27 719
685 467
982 805
55 149
794 103
2 83
782 582
980 334
714 286
326 968
370 839
976 745
573 457
352 51
405 55
730 114
477 453
362 775
538 234
257 401
443 458
395 303
438 323
918 601
836 824
280 93
501 981
125 149
163 936
793 786
712 296
63 195
485 317
893 144
324 765
641 213
254 634
789 853
186 762
348 64
380 543
928 423
431 732
440 161
73 772
555 248
527 374
933 523
240 478
366 370
593 478
616 9
264 958
982 72
877 926
407 601
19 180
113 49
721 434
647 590
969 968
363 425
1 942
916 541
166 148
973 540
207 584
315 914
925 729
544 51
255 553
710 480
912 439
795 931
17 85
703 234
631 870
101 983
312 859
49 580
395 592
362 389
253 248
610 191
719 451
294 522
562 314
943 139
72 562
269 968
610 46
524 705
459 550
244 784
540 325
339 124
999 510
966 427
966 742
827 787
480 166
799 88
88 427
932 126
133 382
906 529
607 720
28 823
550 916
25 47
813 62
841 909
272 496
345 699
595 875
387 878
746 116
54 204
813 192
557 219
81 34
768 894
911 484
90 784
91 73
739 677
924 529
707 131
342 442
950 293
772 589
479 887
786 929
99 288
807 466
367 563
268 898
711 366
14 170
181 699
313 499
796 488
523 608
89 20
486 572
939 628
751 526
844 476
169 236
98 218
285 703
743 554
29 669
269 185
622 793
697 710
701 150
204 978
572 319
498 755
31 643
910 130
244 598
728 155
140 313
269 923
455 624
83 449
891 598
958 560
931 751
843 459
3 128
504 217
864 329
280 682
352 622
974 496
597 665
888 430
130 310
259 828
898 177
663 371
921 80
975 397
799 83
200 63
898 288
242 678
595 150
76 481
907 50
727 429
431 848
747 435
293 863
935 736
862 876
103 548
716 529
910 637
676 285
30 65
786 739
988 733
646 127
943 159
484 44
358 973
342 454
270 355
517 994
855 156
380 252
646 153
904 328
479 248
801 192
994 723
17 936
53 420
803 601
203 123
131 486
21 838
61 889
640 608
218 404
633 627
5 338
693 228
339 760
541 688
752 367
240 83
437 807
576 925
979 456
374 386
948 469
305 936
356 792
87 920
454 389
438 542
663 211
44 641
649 545
335 386
746 615
709 369
146 258
932 869
650 865
960 137
858 107
796 551
893 613
452 893
59 181
704 142
498 737
680 167
336 621
148 527
175 760
968 354
310 401
556 409
222 701
7 467
963 841
211 716
950 620
92 217
451 467
423 355
707 940
447 361
565 534
819 826
859 889
608 39
366 795
277 136
815 978
870 347
263 267
266 61
711 861
141 875
254 972
94 865
165 439
883 28
722 354
838 198
376 602
546 707
65 542
266 287
481 994
843 523
661 374
798 817
947 537
454 635
695 603
497 36
869 324
329 659
71 350
375 31
14 243
968 619
437 744
248 781
916 667
492 232
256 726
331 42
88 997
952 846
847 903
654 93
160 289
17 104
277 726
117 279
482 148
835 648
799 132
183 652
960 503
154 434
292 957
249 112
430 31
412 638
141 152
277 985
752 105
257 955
386 65
796 916
454 789
988 396
652 251
184 995
278 957
337 407
71 654
76 820
276 342
738 393
524 12
232 522
250 735
859 679
785 568
549 431
348 160
422 923
225 427
513 342
326 747
2 725
314 227
244 352
45 273
506 843
12 606
234 346
110 329
241 558
348 454
993 543
354 775
805 318
12 557
316 800
722 326
885 650
394 825
372 370
194 879
746 320
512 392
608 289
648 600
172 954
929 81
53 73
418 470
954 644
494 181
43 943
662 296
814 690
170 38
118 400
88 675
964 588
109 51
271 292
796 389
265 347
624 886
735 144
80 470
812 927
291 521
890 331
636 827
507 905
861 730
678 48
645 201
888 872
76 619
563 336
692 884
861 587
255 460
130 365
245 166
210 340
869 828
321 766
473 913
363 103
951 638
960 424
790 440
258 201
169 290
23 75
317 874
58 618
192 252
102 339
31 861
680 65
311 253
684 633
211 57
628 776
107 376
228 668
558 919
469 994
607 588
629 132
499 99
600 438
672 771
842 479
422 903
354 969
685 3
813 78
617 853
581 946
647 391
141 721
936 387
275 675
974 99
244 324
104 719
671 193
452 265
660 310
111 20
257 365
116 958
651 925
570 39
842 768
347 226
699 905
719 634
833 703
925 199
158 206
968 886
535 496
721 98
494 909
636 411
375 161
711 587
108 540
825 60
772 733
42 446
80 5
794 833
284 407
857 467
143 92
76 81
542 370
636 121
838 997
530 298
471 976
113 220
611 301
756 770
692 42
880 314
410 91
919 493
134 659
13 802
839 90
381 948
60 259
903 825
351 780
578 192
201 851
112 114
369 613
453 7
781 174
269 922
127 186
918 265
630 7
283 258
396 99
476 273
831 905
867 448
88 281
681 260
476 128
3 272
5 890
862 209
70 360
698 961
917 289
40 299
131 756
297 668
10 463
176 912
822 358
913 570
2 891
336 529
271 533
127 591
276 509
893 900
324 385
555 519
202 997
521 699
777 513
922 474
9 504
45 490
121 892
90 245
502 622
357 313
712 264
416 325
226 612
646 312
171 974
308 66
881 256
864 562
949 455
678 783
27 546
330 617
178 704
544 303
390 489
679 179
460 363
834 184
726 906
804 960
363 368
889 118
352 911
122 233
910 236
624 859
198 322
101 925
967 317
17 28
264 435
287 409
363 47
455 599
370 961
387 463
615 757
448 815
73 150
974 620
171 769
10 641
896 674
310 372
667 821
615 987
746 774
763 684
948 167
513 431
698 997
975 499
978 437
872 944
67 750
185 639
443 364
519 294
450 669
797 896
944 508
205 528
848 44
343 474
110 451
382 292
37 887
242 715
538 812
978 215
488 855
486 454
306 856
681 828
518 982
65 755
113 381
419 536
537 982
663 541
236 203
372 536
300 269
787 813
177 606
363 899
826 325
95 600
901 277
974 373
405 582
288 314
696 681
7 546
56 200
238 48
684 457
155 524
851 859
446 29
443 611
693 4
161 403
74 980
476 960
630 737
616 47
941 822
910 319
520 341
562 976
102 882
912 687
540 959
173 834
924 30
504 743
341 508
52 833
10 181
697 652
570 642
5 693
653 713
278 382
805 414
572 511
210 600
544 152
309 18
715 481
813 998
432 55
587 171
951 650
477 31
795 422
559 449
248 313
286 575
511 352
258 4
944 555
927 306
110 786
44 388
452 993
755 712
352 753
225 313
244 67
948 925
137 536
508 319
271 589
845 856
922 483
599 681
855 259
33 229
681 792
441 227
405 888
834 538
564 695
765 114
927 775
949 891
54 145
592 712
518 224
521 604
684 248
725 996
427 97
674 34
664 116
2 231
522 126
315 980
635 987
472 997
751 929
733 288
333 712
941 905
727 102
858 89
180 77
143 123
335 160
316 541
958 84
743 934
290 908
223 62
643 901
193 127
1000 377
838 521
820 12
514 883
734 718
598 420
369 798
913 247
182 924
678 49
40 869
238 520
151 147
874 836
526 69
624 867
454 32
847 523
960 421
743 618
579 733
19 812
342 661
718 796
353 204
449 270
359 121
168 231
520 796
888 694
582 958
176 722
925 795
851 865
827 789
349 425
136 916
301 454
567 815
440 845
645 797
727 677
554 513
434 632
516 526
538 66
723 450
372 156
409 910
50 936
519 366
814 862
33 763
677 596
382 380
42 635
813 222
488 175
694 99
128 64
38 711
55 703
506 312
295 236
523 73
651 924
394 143
512 486
968 232
399 178
989 686
3 913
618 360
836 295
845 47
975 924
198 667
697 8
897 478
437 269
839 767
649 365
322 95
267 706
694 687
952 442
539 618
356 290
35 923
289 511
165 260
4 902
422 189
62 148
908 748
986 776
127 502
218 446
346 619
627 534
296 348
558 660
27 220
584 995
52 825
471 817
792 752
265 288
276 734
286 970
69 746
829 48
170 607
101 969
854 507
224 396
187 752
994 224
120 717
999 881
213 588
417 779
179 852
550 325
527 103
224 379
689 935
458 339
656 168
748 454
197 88
144 92
793 833
501 205
692 653
535 209
277 193
225 240
45 37
230 99
409 874
139 49
974 205
964 35
784 441
239 241
521 698
868 711
443 500
634 993
319 137
660 203
737 488
851 268
324 431
916 44
349 787
445 596
47 169
928 626
217 749
578 718
650 195
378 408
711 558
363 708
843 766
271 121
534 945
811 92
189 448
445 339
375 53
30 752
837 768
285 297
753 205
989 965
117 622
726 24
564 163
878 327
61 887
578 3
376 950
679 259
38 393
848 773
852 981
959 531
250 35
965 594
514 682
786 71
571 807
532 551
75 148
701 184
117 305
320 221
504 938
467 286
657 178
575 592
62 637
725 163
446 924
490 276
790 353
531 357
95 511
404 750
32 559
459 4
199 589
402 701
405 318
100 261
410 228
139 229
32 670
876 375
768 956
292 192
828 498
171 913
98 659
652 160
709 401
491 928
572 911
379 326
278 774
390 332
546 558
679 167
163 194
145 947
510 239
504 789
987 305
879 263
447 363
216 979
31 360
604 62
508 139
493 473
718 50
428 454
262 52
447 504
413 184
106 914
258 903
671 297
285 126
932 987
882 154
550 119
337 791
868 815
751 908
128 342
592 779
848 421
226 521
996 101
303 511
329 784
419 966
422 300
815 528
13 566
768 277
532 374
934 390
708 599
289 423
536 992
955 982
557 886
501 340
925 754
934 96
831 239
992 937
434 190
18 961
601 570
666 629
335 322
482 146
155 248
610 150
204 619
874 515
197 510
970 62
952 541
467 895
568 621
399 967
395 836
993 480
866 878
961 578
415 509
361 654
966 477
386 353
63 699
48 980
728 888
780 17
12 235
430 878
291 36
671 969
943 564
948 926
845 966
292 986
97 358
335 932
484 418
766 88
69 901
680 419
395 190
779 41
972 606
789 112
719 755
428 296
852 675
640 192
289 918
717 494
902 64
229 212
910 591
694 934
100 71
488 481
699 589
425 464
461 402
750 868
237 107
682 776
864 763
276 601
995 323
983 556
114 329
833 285
545 129
433 687
442 991
170 326
759 8
619 637
319 635
786 124
951 858
843 117
865 541
79 527
252 957
737 603
493 581
900 411
867 200
316 66
154 357
9 574
339 803
255 978
141 41
169 288
724 438
892 764
73 220
734 11
939 853
597 785
818 30
305 945
346 655
148 601
75 523
277 315
633 101
207 62
317 586
504 47
744 785
534 157
383 729
434 633
789 321
183 86
336 567
301 231
846 399
399 622
756 59
335 952
672 884
270 761
785 683
58 31
941 296
45 371
671 195
469 323
234 444
698 111
826 24
243 134
246 891
214 261
342 334
146 605
350 709
635 521
817 452
753 454
406 858
152 357
461 293
941 603
1000 41
428 562
18 306
695 620
220 908
96 642
117 792
977 783
794 847
484 873
359 879
186 474
46 541
449 71
714 733
161 715
579 781
563 400
891 47
639 645
473 250
252 932
482 120
174 674
106 700
35 760
363 295
899 771
592 287
29 928
964 983
109 968
450 979
443 764
321 770
2 309
918 271
131 75
478 278
875 174
490 320
571 617
753 590
511 170
166 627
49 578
244 887
641 539
149 804
691 686
926 548
49 464
712 656
982 864
162 657
414 208
849 553
82 152
893 672
487 659
733 87
861 386
811 757
849 442
561 462
634 524
28 901
281 295
620 702
90 977
452 216
471 108
831 655
629 952
413 45
390 18
836 102
149 578
881 587
636 287
866 52
85 587
638 659
366 92
958 928
299 101
565 834
588 421
347 369
534 967
722 415
155 374
686 770
726 319
673 161
178 705
674 218
766 581
356 368
428 677
323 393
772 322
976 429
904 218
850 750
764 158
424 137
765 637
967 225
809 707
424 383
354 224
182 938
553 710
735 234
331 144
98 253
522 587
924 427
303 609
808 404
572 469
875 88
939 622
549 995
974 635
807 559
95 361
778 819
805 893
692 989
126 433
182 615
900 738
459 530
140 175
508 849
851 854
400 68
165 716
499 654
245 446
407 643
945 344
802 675
417 647
211 23
76 956
59 182
45 952
304 319
15 803
641 656
328 181
156 349
280 824
758 999
969 140
608 988
10 368
729 780
234 210
550 802
534 423
228 948
390 111
656 337
140 578
103 157
471 112
517 656
510 462
173 931
872 767
410 712
384 931
530 684
967 641
569 306
538 639
393 4
846 945
460 84
354 563
6 328
318 78
364 760
242 284
96 74
967 820
346 782
353 479
959 848
816 546
271 370
38 91
5 290
812 950
562 929
1000 686
216 221
786 25
92 816
373 402
165 172
807 749
596 384
552 392
182 801
623 645
810 290
390 850
507 716
970 172
370 912
666 741
600 431
652 400
891 674
138 722
857 886
235 730
65 97
460 692
415 475
328 499
492 945
888 267
317 549
675 687
412 799
163 387
20 632
662 955
644 594
97 411
742 373
634 354
248 25
304 219
340 745
215 495
788 517
112 632
371 213
300 175
447 680
168 585
650 757
84 613
635 29
16 909
639 772
632 93
806 835
756 454
522 282
263 360
68 960
531 552
16 683
237 951
301 582
949 234
254 638
898 696
77 927
225 852
962 359
422 437
825 794
915 544
669 108
484 886
251 69
345 136
751 784
129 671
637 191
395 318
446 398
53 360
551 473
828 531
977 972
959 884
333 75
948 251
970 415
312 797
442 852
77 547
562 581
230 991
52 807
933 250
665 428
60 378
759 184
579 590
447 455
469 314
476 490
442 694
870 761
83 696
822 861
3 27
866 17
922 879
176 581
636 651
608 600
771 30
38 736
495 540
465 537
410 170
304 409
838 90
679 782
957 680
83 7
176 675
837 146
692 683
714 431
1 264
885 134
135 189
361 870
598 789
952 85
287 6
129 492
791 406
119 855
608 900
816 241
249 574
323 963
175 802
159 361
876 749
128 211
756 427
940 82
615 336
319 151
909 713
381 186
823 775
590 54
77 161
243 137
851 582
659 635
548 558
722 297
891 482
928 616
820 942
293 618
845 45
95 658
42 298
800 658
618 761
947 549
802 480
660 902
274 478
807 113
77 788
80 248
579 238
95 471
820 204
737 145
713 788
846 536
134 628
526 922
796 922
603 112
420 577
493 885
114 362
650 849
393 399
472 144
218 444
518 665
830 159
192 799
889 101
845 466
452 704
710 946
329 365
900 489
652 634
299 994
265 598
322 513
808 328
437 880
150 988
712 372
448 87
793 549
683 649
957 490
340 476
605 472
443 15
109 745
666 332
443 989
540 421
432 330
303 697
896 729
348 982
580 537
583 406
625 740
542 725
245 763
118 635
324 238
839 697
110 699
202 526
560 948
872 998
525 362
547 440
825 560
988 4
419 259
229 440
510 225
384 41
176 892
558 381
798 172
765 71
50 684
91 56
52 187
196 375
152 420
622 419
953 182
113 689
315 929
157 94
878 248
458 719
185 397
773 372
422 354
371 630
47 627
488 314
307 926
694 798
274 173
129 234
528 27
306 943
369 250
385 893
795 994
812 572
192 605
355 59
712 83
198 423
165 294
630 442
673 371
53 465
181 524
610 942
956 646
407 222
609 685
890 456
515 641
454 223
457 329
598 294
620 426
396 220
715 454
672 275
750 974
766 535
639 367
221 386
425 645
562 510
339 75
549 196
426 973
500 254
69 111
343 512
14 992
567 203
954 487
225 161
46 640
68 297
586 170
788 610
770 53
277 227
261 686
211 355
31 52
744 781
16 787
144 344
880 594
537 471
831 541
957 946
980 547
101 304
763 911
417 337
915 718
182 83
511 778
150 445
135 427
29 676
638 120
819 830
489 423
825 701
94 986
992 346
688 67
484 238
622 460
966 962
464 114
318 512
67 47
582 754
986 283
94 756
591 576
194 182
310 576
578 720
449 492
692 344
565 982
744 668
200 618
990 605
458 626
167 350
307 875
660 813
388 40
636 188
88 890
822 681
17 322
91 625
240 149
421 160
369 887
591 900
740 322
133 380
132 946
549 984
71 177
587 153
463 827
156 849
987 949
951 534
631 913
222 182
667 71
140 253
846 681
218 825
966 979
478 495
691 250
292 151
644 716
224 293
166 696
371 438
290 257
390 524
746 726
766 749
857 535
809 404
760 326
483 929
562 196
953 705
127 802
63 522
998 83
569 913
180 666
236 986
537 435
171 669
281 365
873 267
926 287
713 338
197 961
660 431
879 293
935 727
314 239
177 546
81 168
998 189
142 524
964 101
296 667
845 806
422 747
629 639
523 46
203 922
555 465
704 729
467 977
673 782
694 932
665 757
186 647
593 880
680 962
397 535
555 255
792 219
554 317
826 582
829 613
143 809
250 315
42 248
959 887
57 989
830 224
136 460
680 908
947 900
565 381
531 197
951 852
740 757
298 416
545 993
875 422
285 678
114 78
347 917
477 862
222 919
69 372
535 379
818 909
395 932
782 784
348 860
538 316
904 702
745 720
433 250
931 839
469 652
914 523
59 128
336 779
402 910
391 321
344 602
606 854
23 922
465 314
475 393
23 523
963 468
836 878
432 28
752 745
182 104
76 683
2 770
497 634
704 488
997 829
448 726
146 430
974 103
724 586
231 586
168 836
701 662
209 104
10 107
874 337
836 403
858 375
932 910
424 841
461 338
949 673
807 227
21 730
260 358
336 4
617 149
925 116
854 346
433 926
216 602
696 868
643 831
290 717
899 574
250 624
704 963
526 1000
160 161
987 585
170 6
578 395
134 629
82 826
416 906
933 955
613 643
84 439
545 163
985 36
866 464
217 82
791 674
156 13
815 296
908 638
321 956
471 818
679 489
597 96
230 587
1000 630
766 873
553 394
615 151
649 959
853 327
47 496
162 858
14 747
383 8
313 946
297 341
945 417
585 906
128 709
625 441
2 162
168 198
220 871
266 639
992 883
208 708
184 355
637 599
514 849
37 637
408 275
12 173
202 527
224 971
376 246
555 746
519 335
225 471
581 914
200 179
256 101
936 519
21 427
510 383
673 980
882 482
431 957
693 266
569 276
436 997
78 342
945 553
280 6
294 350
556 901
321 192
711 555
620 264
878 104
242 246
695 739
935 176
370 328
27 415
35 952
497 285
464 610
834 369
553 708
668 51
780 917
777 547
839 58
701 181
539 262
154 316
28 257
790 501
57 759
188 95
631 805
524 545
896 920
164 208
773 634
745 799
746 608
302 66
909 106
110 907
737 867
365 866
403 964
908 166
158 541
254 426
67 581
629 215
315 403
867 734
706 832
874 238
323 892
179 704
953 533
400 755
225 386
712 876
31 452
168 85
609 484
214 609
499 549
308 283
141 789
30 416
368 817
25 772
102 810
368 896
896 521
629 523
564 553
462 738
803 738
419 749
223 403
693 331
899 11
854 275
983 501
198 855
325 161
954 749
575 223
389 94
428 756
30 320
158 405
663 416
679 109
574 797
924 884
434 456
345 35
774 679
956 581
186 949
373 757
65 172
651 613
446 798
809 829
256 683
929 937
740 323
191 565
648 76
151 139
831 950
696 344
532 710
865 615
94 83
443 713
597 24
528 625
16 293
130 309
27 935
447 790
378 849
164 244
899 123
577 373
596 215
245 495
948 724
951 311
696 25
278 967
80 954
192 260
341 788
509 283
758 342
511 509
439 112
496 906
387 717
392 993
230 95
214 816
272 379
491 897
946 808
296 625
480 510
897 751
344 669
236 987
220 496
149 60
245 547
998 35
980 554
309 262
275 650
556 265
298 553
667 672
139 329
572 136
127 843
380 893
589 335
185 889
557 241
214 508
422 713
158 215
592 859
702 400
686 68
851 650
29 90
733 754
151 747
119 215
928 300
570 942
768 325
580 349
994 549
332 444
906 511
285 786
849 519
757 706
276 715
230 391
273 803
583 842
621 403
415 980
473 227
471 952
274 404
294 979
389 882
485 844
16 811
588 947
535 660
347 871
648 104
652 592
9 722
144 967
87 889
326 467
383 134
574 373
10 912
282 861
445 319
230 575
601 441
782 870
97 874
994 216
995 657
352 243
123 570
26 201
93 878
502 466
568 524
625 621
793 873
685 459
305 7
897 731
221 235
644 197
945 247
901 940
67 966
484 498
65 311
775 903
626 647
837 383
828 667
150 395
23 635
542 921
229 386
516 808
873 119
581 846
693 522
663 952
161 140
894 366
966 779
765 387
983 460
128 354
848 465
86 397
797 392
800 660
48 649
51 538
143 42
830 464
557 520
284 492
358 773
940 85
773 48
920 668
47 959
907 950
187 550
218 742
991 5
169 214
596 587
619 602
14 462
255 286
222 38
420 801
507 626
630 382
804 562
271 725
862 157
700 360
300 670
887 762
528 697
965 668
841 390
198 5
718 892
641 75
615 716
571 668
102 806
305 833
932 186
700 78
117 236
687 176
211 107
233 487
624 240
110 863
515 99
900 559
775 685
525 390
671 340
44 756
896 586
666 108
940 643
561 370
300 226
785 618
182 218
332 315
719 993
866 631
997 719
963 435
391 74
36 395
832 682
62 542
766 151
324 398
767 954
789 68
757 783
299 184
742 236
263 285
66 581
180 717
508 210
552 568
57 382
777 917
222 521
52 366
195 8
967 670
495 325
777 998
431 557
696 658
272 926
368 579
596 939
411 721
492 387
346 902
795 631
798 946
692 501
747 898
474 798
730 211
463 272
626 416
311 862
539 507
260 8
673 238
993 421
36 999
770 685
91 644
919 268
402 867
5 348
632 928
516 687
579 90
908 611
412 370
611 42
706 362
193 325
892 577
841 465
568 375
790 476
493 907
308 562
995 856
887 734
576 177
539 39
80 832
533 717
550 357
348 773
296 888
819 324
178 324
35 213
879 956
630 699
883 569
665 549
27 617
709 413
864 474
831 654
13 300
12 338
529 952
824 952
461 981
453 165
923 704
211 722
230 146
432 37
50 620
414 469
362 810
254 788
129 279
965 84
577 837
581 885
876 642
622 79
368 818
24 478
702 194
587 841
876 838
146 529
635 581
546 238
33 385
905 906
163 514
113 851
632 401
506 642
512 81
680 161
312 183
462 246
775 392
63 394
66 506
599 196
178 736
311 924
494 274
99 382
482 362
817 739
322 131
341 165
786 882
511 757
477 549
960 513
905 128
445 199
816 549
709 795
126 871
734 358
401 50
140 409
765 864
514 650
808 371
297 242
540 90
732 754
126 577
861 914
404 725
999 804
321 645
461 847
362 315
514 428
752 478
974 546
114 884
870 979
585 833
948 725
123 609
596 71
27 708
944 433
304 335
870 71
827 893
666 53
549 472
521 907
650 609
867 765
638 184
959 983
496 873
581 984
638 11
270 737
971 948
589 509
148 133
223 835
577 801
257 434
239 53
519 39
775 185
744 393
67 124
964 246
893 56
881 528
254 530
846 246
82 675
852 979
971 611
719 541
333 370
523 270
564 466
102 561
768 215
422 424
334 567
630 710
636 913
192 616
907 909
273 809
790 886
792 507
854 137
545 149
870 396
477 786
919 455
506 90
490 551
715 162
44 914
338 627
361 786
180 752
37 3
408 893
500 483
843 343
724 434
887 646
16 316
502 416
602 530
948 570
883 723
206 420
460 876
282 124
710 20
382 165
5 529
899 487
170 809
980 250
598 697
693 975
585 206
657 297
417 588
576 391
102 183
992 183
612 864
462 31
618 145
249 594
33 525
106 77
324 4
767 816
571 13
133 570
906 890
585 441
751 268
733 785
592 687
594 57
216 911
358 766
909 710
881 931
410 41
257 359
367 132
997 29
12 719
676 550
811 90
719 576
850 753
635 525
360 125
797 272
116 602
997 255
191 136
801 76
696 870
164 248
237 186
384 652
403 408
406 969
997 320
213 305
159 831
200 676
898 957
795 539
467 2
87 585
548 941
553 605
830 51
902 620
929 291
198 457
825 401
389 984
485 879
144 917
145 108
933 155
827 648
865 573
188 454
647 841
869 969
322 540
387 72
890 75
247 602
416 584
59 448
259 130
978 534
636 490
923 187
67 845
691 135
692 628
855 805
230 295
232 795
563 961
451 571
657 388
71 558
220 228
681 270
390 714
331 376
254 31
992 228
227 837
653 289
250 686
555 924
855 833
496 802
64 550
671 909
528 149
436 594
628 46
422 933
79 502
950 639
937 956
419 405
501 997
86 641
358 666
430 16
467 758
104 928
877 539
253 257
661 234
332 144
616 13
685 660
673 820
869 357
142 689
414 954
364 513
744 255
928 486
964 492
103 912
27 480
143 446
686 974
420 529
129 708
820 82
179 330
216 312
972 181
810 40
901 255
28 125
29 468
982 506
70 736
342 901
550 222
164 621
915 303
402 294
810 187
478 69
939 469
890 141
448 488
1000 709
51 53
182 857
843 49
420 838
44 858
891 813
620 421
101 502
507 548
387 420
229 663
126 437
259 254
597 868
69 219
253 558
783 691
127 981
18 523
2 132
22 67
689 942
505 293
71 530
405 426
851 86
340 721
803 219
309 526
963 401
24 658
576 463
63 531
858 745
996 613
881 799
435 876
55 431
718 277
223 985
684 349
809 894
81 816
945 911
818 407
606 590
239 163
918 986
634 927
673 517
747 404
181 358
73 677
627 202
797 700
375 976
253 436
4 624
205 49
154 721
603 482
622 322
72 378
145 793
76 290
369 296
354 604
817 512
327 371
4 662
385 700
761 911
850 584
561 571
114 463
922 499
136 245
924 886
621 284
969 843
570 938
961 511
246 355
47 886
748 929
677 491
626 453
57 303
863 496
49 886
628 178
491 281
987 155
294 772
891 856
624 893
195 114
939 595
41 107
890 409
641 820
606 204
773 715
390 993
373 55
836 689
356 827
140 248
139 432
300 901
999 5
323 572
912 15
36 159
789 455
957 753
82 205
174 261
270 964
508 599
501 52
422 771
931 496
666 165
228 630
210 41
401 685
675 433
694 383
490 201
917 468
741 688
153 447
46 690
28 969
909 592
659 645
43 472
370 10
870 495
376 927
512 353
250 952
199 717
784 815
916 131
220 272
464 194
836 648
105 176
569 737
271 873
301 290
946 973
48 272
1000 823
458 691
232 92
33 29
531 778
309 248
321 425
518 4
399 949
777 142
725 704
941 899
726 379
51 433
108 582
240 470
310 722
96 874
152 556
762 583
172 727
14 214
38 232
991 146
497 330
959 880
943 351
194 298
160 102
514 845
808 562
437 582
355 197
763 192
969 577
199 972
700 727
757 994
278 421
243 952
687 971
91 806
639 450
623 677
862 167
645 323
596 279
47 473
362 397
625 257
248 492
272 44
738 211
81 700
615 827
357 519
583 281
169 955
329 62
859 198
546 856
724 145
582 83
305 5
32 731
783 792
476 42
849 704
448 523
768 554
236 938
384 291
37 727
44 245
871 192
874 36
876 602
591 193
794 357
922 350
651 180
357 219
111 408
346 364
607 875
719 813
958 687
297 980
107 957
682 661
105 588
685 798
312 973
108 661
129 940
42 647
498 69
426 230
65 558
483 491
921 775
759 679
401 445
203 873
891 196
263 767
313 394
5 68
479 29
302 766
521 94
752 413
200 820
130 951
159 989
1000 319
924 45
598 60
835 410
490 905
398 188
958 340
196 827
397 508
622 986
754 425
757 966
187 146
688 775
965 521
431 173
736 719
554 848
592 419
39 920
80 727
887 87
35 477
736 702
620 96
606 686
202 473
206 385
425 574
562 425
780 496
139 504
987 668
605 325
309 952
291 133
957 712
11 770
193 699
104 387
714 463
328 158
82 149
407 600
525 277
514 606
487 654
54 791
853 169
332 717
59 911
810 973
362 820
20 786
392 761
251 596
68 102
486 477
737 369
646 853
479 556
299 186
265 731
357 64
858 423
72 496
92 984
712 930
263 428
46 964
450 341
582 650
313 91
281 757
375 237
90 111
200 483
826 283
670 136
527 257
836 610
272 226
674 838
769 634
94 457
242 324
61 768
891 81
892 270
969 831
911 900
725 10
757 979
385 994
44 964
596 617
687 786
819 138
354 374
236 8
810 331
778 189
117 315
508 904
182 713
438 615
455 703
925 352
39 956
631 806
559 69
857 797
749 335
416 597
400 42
574 386
153 870
463 65
891 522
787 974
584 38
736 457
979 159
49 358
839 635
932 47
845 762
352 433
903 478
854 671
89 982
128 962
203 624
296 664
975 504
797 1000
90 668
453 494
970 728
383 621
97 348
375 653
429 373
50 618
489 26
16 934
833 941
686 359
814 664
786 724
33 677
768 816
897 92
458 954
275 736
383 835
677 3
868 771
125 136
785 775
665 345
777 951
318 273
56 864
932 961
972 790
884 506
25 555
669 274
941 525
526 645
854 278
512 83
824 357
570 841
238 59
573 50
575 216
760 567
542 403
655 848
677 648
475 564
8 289
321 174
393 233
344 377
492 337
592 47
481 93
133 215
134 560
105 672
77 899
118 174
283 135
855 217
723 661
886 163
27 154
139 836
839 27
406 306
630 215
153 977
47 683
304 611
377 292
395 956
490 370
731 848
435 399
790 263
740 898
328 504
439 476
153 243
500 222
796 515
103 83
213 767
287 152
961 580
270 287
629 7
851 117
704 168
361 257
922 19
914 709
59 70
244 74
542 529
583 453
671 951
512 924
491 531
975 333
876 646
219 141
111 907
833 905
444 890
124 262
953 272
741 401
154 922
229 77
102 725
412 52
498 94
280 213
428 437
271 809
418 383
727 32
682 867
789 717
996 7
583 240
251 88
289 379
497 504
762 580
108 726
255 513
492 181
648 781
422 136
904 151
338 896
303 255
587 256
326 308
557 852
901 179
772 37
900 498
333 773
562 721
190 662
766 881
390 290
910 175
325 885
537 821
847 528
630 128
728 136
273 363
735 975
789 381
776 286
856 236
175 260
444 561
197 476
71 439
599 639
687 153
800 499
896 754
110 838
457 240
19 857
370 659
908 105
124 870
417 578
549 361
931 33
689 158
70 407
439 198
166 954
832 674
528 171
56 732
879 724
349 757
595 133
143 346
196 88
324 405
197 929
181 300
960 834
888 232
962 563
870 392
600 732
985 850
33 365
698 105
77 92
137 287
850 12
754 66
133 875
405 534
263 472
566 211
894 591
454 552
879 249
437 278
792 315
782 410
431 360
802 364
967 874
848 242
538 884
30 558
238 353
995 242
907 824
268 522
265 712
305 523
491 480
537 864
934 162
758 422
960 361
13 171
568 350
827 763
667 402
969 279
443 867
408 988
696 585
947 307
614 515
761 77
233 484
840 604
719 204
905 884
488 566
819 666
788 587
904 738
845 678
718 396
19 994
849 547
757 426
887 827
443 786
90 697
732 248
537 510
629 864
704 345
873 310
176 930
603 589
215 965
76 715
107 836
426 534
776 965
266 399
813 639
91 398
293 838
186 502
613 269
319 182
307 729
512 298
271 819
774 174
996 572
487 845
964 263
937 860
156 480
855 38
54 451
296 976
414 971
436 7
175 285
574 869
471 556
545 97
768 256
368 292
706 685
207 757
192 594
815 490
217 1
548 963
757 647
887 4
265 667
963 588
605 883
60 328
667 336
819 141
35 666
867 453
771 302
934 206
203 336
705 482
458 742
852 835
451 874
514 596
252 995
572 322
807 549
347 719
788 818
745 882
136 742
358 200
255 29
24 839
405 681
649 552
176 514
107 26
348 768
428 766
866 820
704 135
634 328
136 851
768 612
343 652
699 412
956 293
558 81
638 131
358 134
220 488
985 306
405 138
842 543
349 573
576 86
485 45
233 28
897 83
807 496
898 396
737 412
612 536
872 741
157 283
307 690
404 938
774 138
634 895
85 617
391 734
655 957
358 535
125 888
509 665
402 821
755 161
275 295
977 175
308 191
592 770
105 389
604 633
863 732
185 285
994 541
5 10
597 480
523 453
561 650
444 592
640 295
716 498
351 439
189 366
356 481
673 417
982 405
704 266
933 895
296 396
27 236
835 597
622 879
972 298
296 283
490 242
443 604
759 210
42 228
963 657
736 793
917 828
865 635
905 496
841 498
933 34
292 446
539 151
960 448
870 583
411 280
982 593
942 40
970 57
645 527
649 580
601 323
822 917
549 227
932 253
571 407
438 866
996 904
746 963
344 579
864 266
365 979
719 132
22 476
27 274
585 160
839 751
932 467
245 702
67 690
106 84
750 981
81 781
331 941
337 168
177 263
483 562
715 129
119 623
500 659
926 671
11 265
485 210
747 515
215 41
417 82
825 638
906 54
266 425
792 177
958 866
118 192
431 742
661 401
574 850
761 937
464 369
412 241
566 278
81 158
57 774
540 757
647 563
119 64
549 609
694 586
255 512
38 238
411 952
375 363
820 20
710 473
971 160
700 610
903 959
481 700
609 365
136 497
874 829
925 687
378 44
39 609
812 807
514 621
531 313
236 81
772 181
187 639
153 515
355 421
84 237
451 802
253 754
10 879
780 383
84 92
356 985
788 850
236 375
594 609
961 558
922 920
47 313
72 907
288 728
53 968
496 258
576 107
315 241
287 127
658 513
718 433
387 557
172 301
307 669
233 297
470 718
306 423
54 777
879 727
720 708
827 120
423 333
615 654
427 790
564 893
196 89
452 227
551 593
862 914
721 814
524 271
358 765
106 362
694 123
306 792
621 926
786 757
113 655
974 266
906 42
929 155
878 230
146 743
717 28
646 24
80 111
547 807
190 228
817 590
876 151
821 14
473 432
879 248
223 356
43 898
545 68
951 743
289 262
934 374
111 467
616 111
299 685
125 755
645 114
441 556
897 529
728 472
322 377
593 722
922 568
523 747
784 553
748 890
105 776
852 88
386 845
4 172
136 380
249 213
14 381
588 802
864 635
13 59
969 349
990 229
460 828
684 967
461 634
945 309
709 276
397 544
581 841
193 697
804 79
533 919
1 366
534 176
280 803
211 333
840 315
72 133
1 159
366 555
42 805
442 123
758 525
357 876
439 858
261 598
689 411
85 882
452 199
920 145
42 122
834 555
580 219
998 640
341 585
802 205
237 1000
935 363
498 20
119 452
210 926
441 908
266 924
206 652
63 13
636 321
750 457
845 459
462 933
618 711
696 773
328 804
687 585
815 516
691 522
251 3
747 902
142 982
424 727
721 359
761 722
83 826
42 871
365 136
258 296
520 305
703 288
192 706
255 681
331 137
761 556
118 243
38 27
285 760
463 813
65 406
430 414
197 369
809 119
478 362
691 119
197 258
662 692
738 38
577 364
795 469
634 119
466 293
874 422
123 998
608 518
625 600
771 92
420 438
748 290
732 959
658 566
237 986
790 91
205 537
381 83
944 663
22 288
862 697
791 359
175 871
68 166
395 94
16 948
709 772
520 649
390 471
894 121
558 532
755 789
665 61
439 958
311 717
996 553
796 2
543 36
320 331
940 16
923 994
484 148
233 940
730 612
592 741
39 218
759 587
910 14
483 468
85 616
397 68
309 112
314 422
885 813
998 580
234 657
697 223
418 456
863 590
60 809
242 132
958 214
204 72
997 389
449 407
14 249
203 707
421 217
446 356
599 294
624 658
363 454
768 412
436 314
630 408
367 738
207 633
407 139
504 752
800 45
674 586
676 646
99 209
317 122
209 785
801 437
532 707
661 929
973 847
26 476
982 743
2 325
690 214
144 254
373 244
559 456
456 527
857 744
804 417
571 406
34 212
771 184
905 802
671 659
417 676
185 704
997 545
390 657
361 263
823 852
864 506
918 155
817 20
837 473
949 575
898 335
500 877
798 460
162 434
309 257
201 392
388 656
689 419
346 105
125 57
290 110
765 354
495 411
836 421
876 934
695 354
609 741
391 573
285 90
124 486
587 966
952 329
399 214
368 560
630 824
617 163
377 966
837 942
698 292
717 200
220 928
786 519
855 862
553 980
624 118
354 321
69 826
188 234
489 850
152 606
193 118
191 455
895 627
777 364
114 720
563 301
302 451
56 297
221 689
481 300
869 977
429 580
430 359
657 225
607 109
114 946
905 531
65 350
856 127
620 488
947 168
508 946
823 634
59 440
176 636
999 836
509 472
936 70
844 631
794 172
779 560
691 220
753 555
516 465
184 794
701 843
863 644
165 689
714 470
606 856
511 412
305 139
345 998
215 589
37 724
846 282
902 703
723 461
555 50
423 332
336 702
444 681
405 429
286 220
769 38
844 218
665 501
295 278
43 313
671 203
584 227
472 887
262 644
589 366
976 893
831 305
45 508
160 618
17 823
243 319
775 302
635 513
483 492
642 737
717 27
116 678
932 874
43 12
857 473
604 546
623 262
436 220
294 22
133 156
172 694
363 497
843 811
30 959
591 122
173 641
838 945
964 840
658 15
32 4
365 453
815 167
911 752
663 684
75 880
666 693
778 775
670 777
965 647
179 814
587 157
214 699
790 338
169 260
66 644
400 445
5 807
374 718
892 911
975 365
557 770
975 112
445 40
349 309
576 487
813 390
63 763
289 554
36 289
892 375
979 851
966 575
290 180
842 505
239 139
573 631
498 307
410 589
234 265
737 374
778 208
727 279
18 84
981 28
500 635
56 126
766 48
784 322
998 601
266 366
233 721
290 376
977 210
781 287
122 571
449 281
215 822
94 573
169 906
15 30
929 896
329 716
237 43
203 231
134 587
797 137
820 94
532 458
695 878
497 279
540 941
812 970
905 248
854 181
179 511
130 521
661 795
369 935
744 703
781 486
838 729
655 317
415 568
973 682
387 27
563 146
876 59
937 73
773 723
23 20
175 225
74 92
112 231
973 908
209 123
117 90
466 290
477 69
642 289
326 830
255 236
351 665
961 637
853 583
179 552
642 464
849 764
297 597
240 980
563 846
281 633
840 457
841 16
879 552
22 417
92 574
358 457
417 505
609 397
774 479
421 781
79 289
615 179
376 792
49 214
317 816
792 944
319 327
211 582
341 763
712 993
620 666
604 55
141 783
551 536
238 365
111 993
917 158
423 485
67 765
559 841
355 640
201 975
51 699
413 32
967 633
475 875
16 410
652 341
640 27
898 863
97 174
61 607
668 425
63 433
450 86
877 797
76 60
544 726
561 648
859 431
494 390
329 994
294 613
765 537
131 463
955 993
562 601
799 900
928 83
670 25
895 559
416 807
53 574
346 552
848 986
922 625
562 552
607 694
734 506
257 662
773 678
649 872
468 106
260 926
317 859
417 857
126 469
201 994
255 51
231 81
774 895
31 866
930 312
417 714
296 857
580 713
193 759
8 371
978 508
894 184
325 355
755 722
289 347
11 988
638 189
112 719
520 678
926 262
949 943
570 308
693 426
340 838
402 629
556 150
684 99
256 609
137 736
814 554
506 961
165 617
39 249
370 16
759 558
601 692
999 107
164 926
54 286
916 493
864 305
149 506
772 344
525 879
911 170
57 155
590 367
433 964
565 51
158 507
659 178
407 456
834 980
119 66
764 405
171 799
62 900
19 192
402 72
596 718
668 339
477 349
229 671
468 825
861 417
812 544
765 613
485 886
126 644
164 417
922 597
5 671
613 586
670 643
305 637
116 104
856 64
620 489
22 664
145 421
18 685
535 368
698 869
411 486
823 437
491 180
787 643
595 330
616 751
84 973
545 693
395 810
362 171
767 779
465 674
980 263
395 187
418 760
542 429
561 328
505 594
180 802
900 104
953 742
550 896
954 265
278 711
82 60
428 80
340 900
555 647
239 374
684 289
522 452
784 343
659 677
399 486
438 392
186 465
613 278
461 105
813 212
357 40
250 984
489 352
315 361
208 621
357 441
86 745
134 645
200 380
902 37
674 92
753 509
6 377
428 555
894 626
217 209
351 445
940 398
484 786
398 102
57 274
591 807
27 392
91 513
844 65
666 865
830 52
43 674
464 637
428 984
839 446
861 642
387 145
26 627
463 986
819 178
783 279
761 391
857 916
254 948
235 984
772 171
170 581
944 816
815 23
321 727
922 843
84 114
106 982
748 425
899 441
813 739
923 303
373 156
357 551
656 162
254 433
845 722
130 25
168 348
205 11
317 613
182 301
64 652
180 774
804 216
701 560
524 207
124 619
978 592
306 292
516 891
280 963
281 302
45 317
104 647
267 207
111 972
936 526
612 615
686 446
229 49
671 174
195 97
214 463
271 828
627 98
441 33
19 677
873 230
157 165
872 322
570 206
474 91
275 422
591 628
388 911
450 192
252 84
34 771
167 221
668 582
726 308
412 214
117 963
759 308
381 384
360 783
967 843
86 865
111 497
761 720
373 538
40 30
235 521
149 676
660 640
611 370
646 439
170 372
209 666
84 466
70 741
735 221
921 817
350 117
117 662
78 900
853 2
587 90
878 687
648 38
734 790
465 814
619 973
925 518
37 198
406 389
687 124
240 672
287 386
382 772
594 660
757 248
938 546
173 279
212 195
144 35
573 214
810 760
460 945
980 200
399 794
926 978
334 325
905 917
699 401
367 263
701 739
941 52
407 632
46 296
505 465
292 936
385 90
663 683
371 113
36 469
330 555
650 681
979 735
176 208
231 570
660 258
901 632
871 55
579 338
462 378
893 46
397 777
489 312
272 722
519 78
409 543
977 251
871 635
929 208
694 976
21 682
800 839
251 963
821 467
549 628
506 767
379 103
678 727
293 699
425 371
542 294
138 936
171 553
437 764
80 343
464 694
105 676
532 495
491 969
540 946
320 277
751 665
951 840
635 485
891 863
105 966
138 351
596 504
35 520
123 481
684 875
611 221
799 586
71 463
294 618
230 194
643 103
917 652
886 355
876 333
127 837
935 792
576 433
315 71
957 524
942 160
50 808
396 316
326 689
326 965
239 492
704 277
797 968
483 671
935 638
764 756
224 906
309 965
746 27
374 832
180 621
396 610
550 839
996 463
973 731
100 363
337 79
758 275
727 222
399 389
124 965
661 188
912 516
739 692
663 770
261 334
264 766
599 896
121 961
177 631
470 220
181 103
593 47
665 682
869 394
138 874
293 718
76 210
773 180
811 1
172 573
856 918
213 295
413 293
787 488
287 757
579 138
446 590
191 368
189 780
110 424
730 567
787 89
846 692
170 445
263 948
514 838
877 34
71 111
806 230
365 334
536 966
956 727
155 432
377 256
251 299
715 88
886 131
423 643
635 385
729 68
30 867
142 345
951 989
351 941
135 752
156 653
16 376
914 353
148 781
594 717
277 623
601 307
654 295
549 51
308 871
80 782
601 348
758 472
402 688
793 882
766 305
292 748
956 993
511 414
87 985
477 282
686 86
923 608
323 684
115 782
296 596
614 212
262 313
615 101
798 415
448 703
215 379
20 891
992 60
96 225
318 608
963 365
533 420
474 290
571 112
794 599
498 412
685 904
724 594
394 35
569 663
253 390
826 46
722 143
669 436
906 70
708 78
450 330
234 565
368 975
997 104
567 564
91 245
254 643
850 634
464 449
998 514
412 161
18 296
12 853
100 252
392 141
104 247
983 299
363 610
803 897
825 185
371 39
8 509
62 48
320 447
337 631
817 813
752 402
937 288
459 36
61 872
834 168
339 634
122 886
144 636
130 547
810 193
874 796
819 181
568 499
142 138
681 180
958 584
41 21
282 184
389 740
999 789
344 881
952 668
574 491
153 909
879 816
933 328
19 776
480 224
914 615
989 46
974 911
406 133
775 682
906 599
196 267
41 610
888 443
787 445
984 590
272 490
176 934
361 110
987 302
950 214
729 943
602 155
737 372
538 847
997 938
375 970
855 476
659 561
768 313
560 26
929 203
358 623
472 650
1 993
868 808
595 624
507 136
609 924
518 54
531 841
15 472
218 212
186 566
843 6
985 366
865 768
972 92
743 995
617 411
913 394
471 968
255 709
751 704
957 604
354 246
190 880
985 8
291 667
808 527
535 612
792 680
429 633
910 248
736 881
516 87
334 910
13 203
786 461
754 601
937 79
259 87
98 469
852 190
106 952
419 341
781 87
13 429
330 307
794 226
135 990
410 235
287 163
386 144
656 30
774 434
426 724
120 65
874 214
214 671
875 819
182 185
989 295
477 499
943 650
909 550
197 980
219 164
183 257
519 427
190 551
690 599
371 54
399 473
350 483
276 20
224 717
975 650
524 466
910 975
237 969
474 397
363 317
973 85
651 977
52 354
324 655
60 949
833 627
299 443
392 359
552 825
76 175
763 153
207 951
703 18
356 721
234 815
18 368
238 175
683 110
976 500
583 713
950 536
630 620
80 328
429 699
964 748
235 756
675 782
679 331
916 527
645 183
596 539
528 843
393 462
587 488
880 382
53 572
42 570
9 423
204 952
353 466
668 111
948 271
539 250
246 182
47 451
987 908
880 92
23 58
260 920
923 200
912 359
951 670
645 4
644 806
993 396
813 665
444 348
305 898
588 587
387 676
546 871
31 253
964 250
55 235
718 601
75 745
121 283
215 481
785 410
789 306
223 938
850 192
633 176
249 703
582 267
215 342
277 127
153 385
617 868
241 429
798 307
432 248
489 505
111 918
280 60
974 311
708 452
159 268
508 162
73 587
544 840
997 994
584 89
142 593
162 147
458 810
114 184
209 148
797 267
85 521
552 902
807 214
3 974
503 671
871 751
379 149
930 287
149 626
273 512
950 730
256 498
99 306
439 754
194 2
123 168
216 502
363 633
75 269
717 854
26 239
422 50
706 233
119 92
673 464
32 472
714 684
738 212
924 199
916 547
991 41
636 840
484 557
786 115
600 888
424 432
762 914
890 207
502 153
40 224
937 118
995 514
279 67
482 845
672 485
47 487
182 650
509 469
535 483
168 211
775 560
896 759
549 131
553 192
519 559
705 397
687 277
46 391
70 377
55 207
666 16
944 338
283 960
548 92
126 32
671 649
901 468
390 259
249 603
988 58
127 606
590 534
225 450
465 467
319 264
301 877
419 975
243 226
119 591
858 461
123 66
163 997
864 854
43 331
228 197
306 999
879 38
445 580
651 793
927 636
756 706
800 684
944 345
51 610
488 456
882 40
375 144
850 522
433 998
105 577
358 829
659 208
809 579
772 337
247 239
393 292
91 515
75 390
717 971
848 134
434 283
575 322
627 668
585 710
201 717
364 111
934 167
478 227
925 346
189 116
527 796
450 576
844 688
293 501
69 351
678 299
630 16
612 149
336 526
53 903
311 167
187 381
760 425
830 705
580 764
447 935
857 549
179 977
723 140
390 717
176 889
283 575
382 91
440 631
975 482
851 48
248 91
28 873
8 253
788 711
534 39
760 246
797 911
229 349
49 175
214 739
950 215
71 986
43 393
979 709
194 535
860 192
989 484
341 597
859 920
151 872
7 784
45 477
33 509
555 272
24 232
833 662
116 534
617 239
569 396
327 644
132 374
995 422
284 345
347 882
603 189
578 373
695 762
934 406
312 897
366 308
617 410
88 872
877 88
865 880
592 200
446 735
74 278
971 108
247 785
820 383
70 874
731 940
53 584
112 60
661 905
635 328
230 620
676 414
491 80
444 202
134 906
563 4
119 526
486 853
144 150
417 173
706 516
726 579
474 820
738 149
226 481
754 548
983 757
250 491
396 395
644 609
797 881
391 128
215 476
676 82
897 795
550 639
383 666
760 163
244 124
997 666
968 400
179 715
370 438
810 939
695 116
371 305
188 762
686 361
256 90
385 378
375 849
146 521
94 851
794 939
792 43
771 453
617 58
29 988
30 431
802 92
34 946
876 973
315 967
115 297
11 462
329 947
61 317
186 600
938 403
194 63
195 507
237 123
147 111
310 713
574 778
521 158
248 940
579 144
180 237
938 49
563 420
599 290
414 714
554 97
539 479
506 78
326 349
933 377
338 647
66 950
341 368
644 1
496 455
502 301
286 782
359 364
86 944
294 537
853 262
670 836
250 301
439 421
153 836
843 727
724 21
925 778
13 464
841 215
201 112
737 902
884 723
810 730
978 360
486 83
947 415
822 537
325 479
560 520
893 652
987 587
714 257
552 444
757 365
177 802
391 117
158 768
505 548
73 360
737 209
295 409
520 681
244 455
176 111
713 344
56 693
419 453
135 385
543 4
671 211
820 703
638 898
577 788
517 761
759 954
962 600
603 342
114 185
42 682
850 773
869 39
599 898
424 998
668 537
426 156
82 554
265 26
34 841
53 91
493 100
646 192
996 13
355 927
981 703
912 986
998 104
398 393
274 235
76 35
518 398
354 349
742 744
268 909
415 846
307 849
159 976
660 715
518 281
669 899
998 977
412 492
18 119
716 98
331 196
498 623
230 970
303 106
285 523
911 875
354 46
302 310
736 826
199 858
526 449
912 309
843 335
662 641
956 934
729 705
887 670
524 34
767 484
914 494
193 88
10 763
343 621
181 716
205 588
216 231
830 693
245 379
121 325
305 62
951 387
386 345
237 729
893 656
658 653
328 248
111 727
651 138
603 615
641 326
509 24
664 993
243 116
872 516
559 556
160 640
987 373
81 130
997 948
450 473
713 453
662 414
206 778
135 378
324 689
141 933
937 874
594 339
208 154
428 407
802 388
143 140
534 567
589 405
413 406
622 236
275 109
167 139
557 639
741 226
584 675
345 755
786 803
536 774
939 195
977 916
808 415
839 298
171 260
114 353
310 179
339 636
173 536
621 110
627 997
59 791
522 603
303 14
255 257
112 17
459 772
669 504
83 752
619 994
308 551
188 77
923 2
100 641
1000 911
710 334
72 718
930 966
149 598
900 754
259 138
249 58
179 931
643 16
131 964
25 329
334 765
512 885
875 43
418 680
818 453
493 364
993 36
641 772
193 700
303 563
129 340
573 401
84 4
858 797
175 757
470 751
590 716
504 309
63 965
215 142
772 867
111 151
618 415
490 280
328 833
347 175
989 532
704 748
105 369
769 288
475 771
849 114
977 69
501 783
228 73
302 976
854 269
360 65
646 249
25 705
48 686
912 915
313 318
348 843
670 258
34 736
474 843
373 743
284 120
548 969
677 320
456 860
933 214
365 276
717 639
847 944
919 263
957 176
425 71
523 778
621 227
773 846
947 377
283 478
508 903
37 195
667 116
335 482
374 268
305 779
605 384
363 29
649 594
637 815
709 354
412 920
914 566
520 961
830 738
64 461
818 218
440 876
93 78
435 711
21 130
997 665
500 999
11 948
270 867
567 155
788 740
225 408
867 857
233 117
694 282
237 677
823 930
864 49
867 934
797 515
600 747
348 497
480 697
15 747
422 731
465 196
284 478
945 754
417 57
988 688
42 326
122 744
712 338
74 887
424 922
367 922
171 135
890 757
228 508
468 579
291 52
368 759
510 950
208 896
83 876
924 846
325 705
657 589
285 772
859 419
476 837
991 166
994 646
26 660
905 143
855 919
74 696
716 127
790 722
591 905
373 876
256 540
782 118
75 222
495 859
71 8
578 235
356 717
947 34
92 955
240 110
644 272
278 256
669 625
856 104
412 734
72 695
495 671
481 485
101 820
961 819
525 146
50 114
939 340
839 822
550 303
952 554
958 496
918 451
166 548
350 257
136 535
525 227
999 172
840 523
453 24
631 545
121 168
598 682
620 822
224 175
455 467
280 753
153 101
211 411
568 10
395 224
569 813
992 164
167 636
443 252
926 763
858 725
5 256
736 185
112 707
684 313
844 463
499 5
281 378
671 77
874 91
550 890
720 621
518 648
279 816
618 68
376 935
454 180
268 500
660 289
152 120
209 121
917 42
627 95
793 497
741 491
250 28
713 522
328 744
266 290
506 687
532 57
591 354
919 305
815 586
164 888
169 966
26 889
192 609
929 844
967 780
470 300
42 602
810 89
973 443
98 88
433 730
765 569
363 409
865 703
810 232
43 715
281 947
434 93
571 781
351 793
237 530
196 862
656 567
606 257
458 81
226 213
890 60
853 424
140 261
972 477
786 275
519 779
166 497
71 428
18 568
809 195
459 217
367 414
344 950
326 890
438 832
405 377
631 517
782 569
469 770
31 550
914 657
112 513
413 527
566 899
608 801
392 790
49 129
381 108
80 679
722 104
390 400
158 908
76 557
560 226
138 88
871 990
584 232
267 820
894 261
272 654
811 819
178 12
150 739
120 456
392 446
306 997
180 344
879 32
176 829
573 929
525 830
507 393
345 470
492 611
608 476
742 939
947 561
124 118
470 110
623 156
522 919
461 425
63 501
670 295
570 141
88 543
554 260
316 567
212 640
711 350
967 240
952 55
420 629
222 313
441 566
541 187
818 608
251 347
89 100
491 328
74 179
98 234
781 509
341 326
804 546
877 148
437 979
667 506
830 794
812 769
299 990
675 983
895 880
967 423
571 646
934 820
369 534
443 779
669 162
393 721
676 143
329 224
934 903
690 105
313 959
67 820
641 997
933 373
360 230
405 300
525 43
177 133
433 19
162 563
54 717
538 150
921 262
623 175
975 157
747 244
361 305
130 526
918 213
331 781
872 124
978 83
732 102
36 445
708 667
686 339
889 581
826 94
384 37
257 297
242 275
797 687
820 624
324 342
254 960
609 695
993 592
99 513
837 591
950 358
994 814
223 416
96 263
542 44
375 229
90 119
109 313
648 543
722 400
88 588
821 108
787 436
437 371
39 483
151 549
118 440
561 615
326 969
644 378
204 177
372 975
321 75
123 451
269 491
950 930
169 175
946 858
871 136
8 107
85 3
89 64
43 531
778 962
620 271
833 555
183 523
155 234
528 512
130 292
729 762
207 310
374 269
892 714
344 848
330 175
519 851
838 470
840 528
602 979
767 447
743 134
982 814
732 949
55 128
165 576
573 323
6 588
598 766
603 896
968 259
376 174
818 317
140 785
72 167
167 552
538 908
92 814
867 856
980 537
143 338
140 736
548 229
197 977
571 76
889 609
301 947
656 334
766 185
616 694
662 468
538 686
870 331
157 276
929 379
343 201
256 203
796 729
539 996
997 92
985 572
161 66
180 346
732 287
401 595
651 803
360 190
893 268
988 544
646 218
225 948
192 849
826 806
920 181
609 814
117 931
852 682
155 221
967 811
414 697
164 724
347 630
77 673
740 487
423 949
796 433
374 173
467 637
48 937
18 17
19 280
367 744
501 294
249 437
913 260
382 763
315 720
181 628
312 765
366 823
13 155
804 634
252 943
36 716
520 49
249 296
24 52
463 783
448 124
359 366
117 440
93 286
19 615
224 467
435 407
594 628
187 310
266 683
174 48
796 95
179 922
589 943
370 871
602 663
758 818
460 977
796 539
690 50
213 647
538 206
225 217
168 814
482 744
301 100
328 222
73 502
202 763
224 31
7 406
710 851
742 298
36 358
867 884
318 584
708 432
553 44
471 186
519 392
225 532
23 729
997 926
600 712
413 253
162 63
551 571
937 995
869 212
828 868
860 483
51 877
858 359
604 135
712 224
996 184
946 853
176 429
946 69
747 806
199 387
474 142
975 830
397 668
974 554
938 128
725 696
968 695
401 234
735 371
574 951
312 131
960 615
407 308
763 106
892 334
318 404
351 139
763 219
194 338
677 263
456 917
453 964
368 65
633 571
351 792
445 451
715 45
143 524
369 617
260 1000
696 494
645 475
268 40
136 677
47 337
784 881
121 218
434 777
37 508
149 786
334 278
934 828
914 654
183 55
955 728
478 721
533 575
358 59
505 597
879 623
438 99
57 212
465 327
563 570
31 496
879 732
683 120
275 578
920 269
295 447
138 914
931 143
556 224
210 292
9 89
340 871
208 269
980 823
480 24
983 80
342 344
125 840
56 945
699 921
871 703
582 822
682 956
920 969
117 889
103 870
323 690
865 911
597 408
171 206
27 544
937 411
906 390
375 471
760 154
402 169
441 565
522 758
905 198
155 483
477 660
740 270
321 904
268 657
70 781
943 657
400 281
740 669
265 577
430 389
930 853
936 266
277 542
960 400
196 962
890 588
71 258
131 953
938 587
934 476
784 861
219 656
182 516
878 865
853 685
103 2
340 336
503 314
899 461
258 479
421 561
525 443
766 337
213 703
865 96
918 234
832 791
210 87
233 270
288 985
589 601
55 93
810 946
500 828
11 27
767 990
95 92
560 816
337 233
765 233
238 347
688 84
85 748
121 675
450 315
767 572
519 97
81 125
869 236
393 905
358 611
531 623
227 139
916 51
631 960
955 543
845 843
854 259
466 704
837 991
677 778
553 884
860 400
366 473
593 107
267 654
933 609
699 643
630 661
351 412
308 449
535 898
57 839
55 852
904 200
668 353
743 799
781 574
552 644
10 644
792 573
703 297
356 580
773 827
597 167
106 642
402 431
973 676
888 944
45 549
852 843
359 325
306 83
369 561
682 814
856 61
175 343
268 411
787 959
587 191
365 709
956 104
541 706
411 421
585 850
35 369
924 263
862 390
130 71
645 676
315 193
387 332
774 189
328 340
831 802
318 883
301 127
568 958
254 33
625 691
295 609
338 4
922 775
822 338
37 662
229 382
358 338
327 801
834 475
96 173
423 274
816 182
195 179
551 534
560 171
263 378
780 928
394 231
967 742
767 720
401 705
574 119
996 310
635 606
397 917
676 608
916 471
617 200
963 980
254 735
4 664
342 98
694 759
954 608
556 748
668 470
561 642
160 229
945 511
973 405
925 338
812 329
740 375
78 890
264 146
568 448
290 858
203 487
294 818
905 367
753 853
610 822
147 556
39 970
282 845
302 136
162 807
876 967
66 384
23 54
210 731
943 806
301 304
830 280
287 365
70 119
552 242
933 443
575 970
690 160
339 114
292 132
240 733
5 889
17 138
70 273
733 463
997 554
32 687
802 584
568 858
93 961
979 928
379 764
896 444
769 162
201 288
885 470
673 590
49 244
694 228
3 382
441 130
495 51
826 357
813 234
104 708
253 509
660 291
953 287
668 886
451 397
176 320
241 100
987 8
436 818
95 833
774 110
930 168
787 273
626 859
243 473
461 306
561 972
781 787
48 665
11 495
450 5
119 95
739 921
760 131
979 789
623 235
610 662
402 51
55 879
539 670
156 198
335 795
442 975
90 334
277 950
593 349
1000 643
207 693
920 723
636 213
873 765
801 264
783 136
861 696
40 966
904 111
834 240
526 170
566 639
255 366
493 677
644 309
320 229
504 898
411 222
875 405
70 945
914 778
98 972
789 366
387 89
981 466
585 921
733 305
631 662
729 410
2 66
938 987
940 764
888 309
597 659
196 284
951 412
220 138
847 95
743 94
340 531
41 430
349 347
689 230
564 982
927 36
25 223
879 735
112 737
63 930
104 657
466 808
985 808
413 815
451 132
224 794
270 635
110 378
223 569
684 61
171 402
997 2
484 171
177 517
877 556
9 659
289 632
695 351
552 983
47 175
512 101
643 925
751 100
129 555
171 176
856 968
322 60
983 433
952 475
501 586
142 962
169 800
425 334
243 723
428 839
982 122
565 130
696 79
256 752
764 627
391 777
450 698
142 28
182 985
278 492
170 301
504 559
502 78
914 156
738 837
208 519
236 78
544 97
692 857
398 932
991 303
259 126
387 437
361 900
161 768
92 748
143 912
58 940
923 180
942 400
67 822
303 734
272 2
236 339
59 330
888 738
596 19
580 760
338 255
301 393
874 477
213 717
605 347
474 975
514 386
495 951
101 556
597 695
174 216
126 241
538 7
331 783
262 399
12 162
438 76
461 805
231 703
753 717
733 217
382 313
737 286
684 259
962 371
652 402
234 368
113 577
780 957
56 991
885 672
641 242
720 341
849 119
356 1
466 705
893 358
967 547
552 834
574 643
256 381
501 701
393 106
52 169
807 11
475 546
318 44
839 378
472 860
414 579
915 90
111 511
242 378
578 480
462 847
857 175
381 773
113 239
632 829
299 542
378 253
51 560
187 977
353 457
638 724
634 427
789 659
145 69
511 904
114 610
302 365
236 678
624 987
786 454
221 355
97 829
762 57
134 910
962 404
566 330
839 847
861 819
787 592
311 278
576 141
374 690
784 954
982 957
3 238
957 369
335 13
121 145
732 951
404 906
421 980
904 429
328 164
182 259
760 615
978 418
177 385
107 403
749 785
474 709
435 889
918 870
701 622
874 98
15 982
838 842
606 565
555 709
846 751
409 711
104 745
450 493
495 984
191 318
421 965
172 162
979 594
432 831
949 886
950 465
38 575
702 534
59 752
637 35
341 998
789 458
738 934
775 367
949 8
473 327
915 152
705 572
144 668
109 428
271 217
316 522
155 652
707 363
122 969
503 212
658 285
57 866
385 939
479 95
139 912
800 950
194 477
527 13
51 380
218 471
346 640
610 981
173 689
209 760
745 830
265 702
527 178
996 738
549 854
71 22
47 89
772 218
740 598
559 242
249 149
212 790
514 561
472 372
36 861
18 832
19 617
130 921
780 332
122 508
343 980
900 149
951 661
74 123
188 231
26 198
944 589
193 607
302 107
912 235
983 899
183 956
498 555
967 725
570 134
704 819
88 418
219 584
663 694
945 914
409 16
28 914
73 387
456 21
15 895
935 540
275 552
811 554
494 546
561 7
634 599
163 895
606 529
228 863
979 641
158 38
355 248
279 930
266 463
608 105
769 508
433 550
3 932
905 330
626 856
20 161
494 216
830 342
685 721
66 419
290 699
751 638
994 583
964 931
483 214
506 285
638 578
181 771
274 231
384 555
739 94
997 417
692 433
754 214
57 894
97 697
136 107
122 860
434 368
973 521
708 714
624 773
74 298
293 12
386 894
152 836
904 744
621 168
568 332
531 320
299 964
998 360
513 158
32 921
141 89
182 655
763 424
838 58
788 859
516 330
684 980
96 223
300 973
652 314
802 651
912 215
785 351
787 761
661 737
409 67
317 602
912 102
550 552
610 287
793 997
15 872
127 756
629 463
101 489
174 415
346 448
559 809
720 701
586 684
561 35
945 972
552 698
132 746
150 631
978 140
512 344
324 302
3 883
209 90
294 567
397 843
548 541
76 270
261 172
502 528
623 40
549 24
807 145
42 285
388 801
379 180
478 501
401 426
132 302
705 740
632 580
850 519
281 768
75 300
440 159
539 637
18 407
725 346
247 234
70 609
696 80
795 907
865 879
117 522
703 311
75 932
857 195
179 491
274 493
60 446
106 684
35 744
368 111
516 281
123 925
338 587
699 911
377 407
964 967
911 760
634 233
527 904
198 118
952 630
37 188
407 798
102 402
304 549
675 566
657 487
79 102
36 996
532 993
644 763
80 992
780 491
144 930
70 207
633 88
510 6
888 338
724 184
466 88
508 547
542 392
309 574
58 382
735 600
390 337
690 331
68 331
768 513
417 469
613 983
382 431
585 964
916 280
779 387
751 455
849 765
864 41
702 793
812 201
872 612
559 972
85 889
893 914
185 851
485 548
149 232
282 700
881 763
465 67
802 194
876 855
457 679
573 849
959 360
962 412
671 292
584 406
626 785
219 493
437 94
665 763
266 278
418 445
688 259
172 620
195 277
837 878
415 574
214 834
78 653
203 782
204 93
21 625
882 981
160 219
470 504
40 609
591 768
118 302
29 311
126 997
113 238
95 42
78 796
429 738
708 755
397 388
785 631
421 14
117 671
759 192
338 668
106 640
605 762
238 721
723 627
887 316
320 459
970 184
311 480
3 51
204 624
23 44
904 774
246 223
378 847
315 480
14 721
142 394
222 852
45 709
727 937
70 667
921 374
444 293
463 507
945 328
927 328
947 390
806 239
899 299
738 257
487 342
415 245
642 91
476 326
253 245
714 377
128 844
242 614
836 148
818 395
806 964
805 671
978 197
63 997
500 641
974 425
335 753
712 120
458 816
820 966
717 74
560 395
132 598
450 63
124 74
940 446
696 810
56 73
493 12
645 170
792 381
646 360
868 40
428 889
235 605
345 45
553 624
899 540
939 271
905 179
834 123
528 818
333 77
948 247
364 910
938 973
96 952
460 441
282 937
123 337
360 637
291 701
94 178
611 484
830 838
856 509
461 51
628 887
913 27
877 490
554 799
168 110
666 757
755 976
804 347
328 404
383 502
386 44
867 445
870 972
566 126
377 169
819 318
912 236
288 694
491 461
869 807
878 799
917 661
3 205
442 375
617 356
575 837
162 630
325 474
474 900
437 58
320 963
465 719
368 671
637 529
413 551
938 497
272 361
55 22
2 926
721 542
974 888
45 92
102 23
139 27
215 364
381 68
719 940
336 715
336 631
797 626
197 297
180 628
989 438
665 480
349 535
557 82
920 210
744 502
531 568
