1000 9895
266 351
402 783
481 782
812 326
781 785
86 935
930 281
968 988
664 501
95 831
542 506
485 523
165 397
475 621
238 115
152 568
872 135
894 824
790 771
666 789
132 105
227 45
744 961
492 63
847 967
294 973
888 780
117 678
302 456
785 137
126 652
326 434
937 239
645 294
294 860
577 144
189 106
880 495
820 841
563 210
122 430
231 320
947 179
107 190
434 786
494 998
614 643
685 496
502 445
396 106
783 590
809 199
120 818
706 585
546 786
656 190
361 712
639 165
126 328
365 796
404 988
406 166
580 533
118 764
802 763
305 49
421 270
589 801
736 379
286 299
859 615
162 269
144 256
556 445
81 987
962 868
638 193
287 903
440 518
708 407
924 788
431 840
124 718
936 538
115 53
578 89
837 710
305 509
569 664
772 795
366 230
2 567
21 265
684 63
333 39
982 892
180 366
570 50
642 583
42 651
576 390
195 427
877 699
218 72
146 25
310 616
744 240
821 20
489 539
398 511
39 507
959 186
941 987
564 298
640 330
369 206
632 692
445 145
186 200
307 176
308 415
755 143
934 511
94 360
955 944
152 899
84 454
191 482
195 999
576 534
815 313
895 688
583 941
847 854
571 813
14 813
600 470
386 499
299 978
164 348
257 726
203 318
829 94
9 585
356 784
841 432
235 97
531 460
532 883
594 680
153 918
211 136
835 962
476 252
656 154
947 429
3 261
353 984
508 572
695 942
274 848
281 20
430 951
166 184
721 614
331 926
671 80
319 591
803 8
5 374
851 276
907 38
836 192
489 10
107 516
242 805
890 905
157 421
765 87
413 162
142 608
215 122
729 572
432 236
234 528
767 654
290 286
190 319
12 887
198 858
308 174
381 432
845 888
261 16
800 718
282 62
802 276
159 881
778 104
256 432
441 884
1000 389
566 468
949 468
772 307
441 741
854 83
986 843
101 216
164 515
716 80
597 307
568 39
252 528
771 269
916 993
313 652
634 140
961 8
505 244
674 687
476 563
682 354
386 807
297 128
412 759
933 51
610 128
619 850
835 785
112 272
520 887
648 268
301 346
266 469
675 725
929 371
681 452
886 287
135 983
893 625
793 313
524 901
70 443
167 599
519 642
962 829
106 103
452 15
839 653
635 298
334 111
228 982
393 639
582 433
489 6
718 145
426 497
577 855
907 66
819 782
497 908
828 960
209 16
119 525
889 726
599 775
197 767
932 614
590 126
593 170
583 161
319 44
600 782
342 391
826 336
114 30
786 325
777 780
890 655
369 658
946 941
964 422
677 811
369 436
406 787
579 9
356 182
527 361
125 623
994 528
756 951
126 951
273 831
8 444
321 43
198 499
968 896
477 680
646 395
545 868
910 44
476 608
403 554
723 673
133 509
246 30
430 337
322 550
160 309
179 83
880 452
779 800
748 203
927 371
877 489
53 807
93 282
420 254
274 615
106 790
487 407
839 962
897 607
532 922
745 629
339 228
610 429
349 439
185 718
516 630
19 950
25 437
604 351
138 335
950 230
367 400
793 41
176 101
603 654
570 317
827 881
232 284
655 708
896 221
806 880
368 844
163 33
575 89
413 106
435 658
966 798
720 384
920 66
208 180
926 184
312 242
789 864
574 718
388 847
591 857
853 973
621 721
638 753
535 896
445 795
801 35
103 975
731 302
713 879
273 650
367 554
9 912
552 440
431 457
1 342
494 427
602 416
363 412
697 332
130 599
683 865
152 983
83 621
653 649
88 981
30 984
640 572
291 600
473 797
790 610
665 162
217 352
863 249
593 909
98 37
266 786
245 178
27 995
818 310
374 478
306 22
549 938
656 406
884 543
369 766
710 247
572 140
168 218
421 648
550 152
391 288
181 715
805 786
535 105
918 83
743 202
784 19
917 281
679 910
961 685
931 85
701 547
655 392
559 581
680 482
498 261
210 145
824 749
989 409
332 956
977 433
693 405
931 256
2 564
793 295
760 814
11 302
86 742
307 759
147 350
450 729
475 682
424 968
155 552
263 605
125 934
588 258
146 365
460 141
156 182
51 408
33 80
773 33
151 909
388 65
852 750
564 218
125 648
760 958
331 9
790 528
669 865
672 203
1 925
441 199
458 156
260 170
852 972
430 286
897 396
517 462
791 803
575 728
378 966
144 803
441 234
882 630
687 99
912 279
767 305
87 899
454 386
2 259
916 171
762 147
525 213
625 425
109 728
603 778
609 157
862 313
536 436
225 148
814 60
762 373
46 426
433 103
988 247
625 651
185 518
771 779
974 774
150 324
23 974
482 684
893 846
180 783
760 850
811 743
370 397
73 91
172 411
858 662
984 965
159 175
769 239
355 480
241 696
257 435
785 645
146 909
367 57
538 855
613 305
261 492
890 918
964 173
893 1
641 70
94 894
209 68
337 911
307 723
676 584
953 197
495 330
632 388
318 497
637 141
488 412
877 670
838 779
730 828
403 450
955 753
958 176
741 802
930 433
133 230
286 871
531 333
195 565
749 134
786 144
346 683
144 592
668 889
848 1000
978 827
946 349
875 449
359 752
126 709
41 121
390 868
248 595
286 789
213 795
930 885
768 171
738 74
889 462
743 479
446 947
588 712
648 269
478 480
795 430
889 447
193 624
775 360
594 540
260 706
444 295
286 582
268 245
344 627
404 917
483 948
714 276
453 320
36 248
129 394
116 14
686 150
799 157
81 802
870 98
563 630
550 848
737 319
774 356
79 472
390 93
798 366
30 244
517 654
55 323
279 923
266 470
488 218
470 862
362 575
403 147
669 372
780 563
52 536
497 237
833 587
650 3
445 901
617 204
856 788
671 427
952 295
881 327
788 149
313 406
313 243
740 142
781 892
454 620
475 515
958 172
27 474
320 576
412 16
559 897
535 930
682 146
504 652
428 778
268 631
397 341
532 496
477 679
591 919
80 479
133 363
48 829
565 360
986 991
435 79
454 153
663 338
630 262
597 71
429 597
565 409
930 806
820 733
455 24
44 812
530 785
835 895
487 176
734 115
496 333
633 892
101 830
139 593
527 962
953 901
149 648
938 527
580 684
179 993
861 133
697 860
740 774
905 815
983 662
871 125
783 955
186 225
207 605
220 448
704 413
723 427
833 661
29 742
140 641
337 53
559 902
582 557
766 222
324 309
987 159
461 204
634 820
284 587
102 710
949 855
971 643
54 357
981 614
102 593
94 705
303 21
518 103
43 526
886 685
989 433
405 630
122 534
357 365
518 502
116 708
834 955
33 152
507 193
539 267
388 509
562 992
579 770
672 160
856 701
288 185
515 554
330 812
633 589
977 579
840 913
801 509
325 983
26 404
304 734
498 418
87 777
550 99
934 770
944 894
130 355
373 108
537 945
700 459
166 491
114 824
601 314
675 543
588 852
394 249
718 991
314 749
10 738
27 768
906 86
274 987
150 206
297 522
494 787
598 712
931 967
179 618
311 121
331 871
371 274
63 712
960 263
694 442
534 19
166 475
271 524
515 418
93 850
702 864
839 42
354 978
758 684
998 255
600 570
381 215
297 966
33 376
340 876
517 710
846 178
462 699
910 911
963 3
431 537
68 677
17 957
721 85
51 618
512 232
215 807
830 124
539 705
109 360
320 537
998 650
786 794
234 879
753 213
341 943
846 622
80 377
99 423
47 847
907 934
193 584
70 759
326 269
808 540
271 388
517 444
757 551
69 549
179 29
157 892
65 390
450 600
52 644
740 617
889 305
641 846
329 234
226 354
374 682
250 364
868 93
182 537
790 216
748 304
227 916
193 516
456 370
157 710
799 299
177 8
898 232
559 747
853 906
323 883
840 295
201 275
371 159
300 808
983 956
487 525
73 297
662 339
285 846
907 88
33 683
72 111
462 976
612 617
704 628
998 362
546 363
400 786
578 342
21 299
741 355
741 476
906 99
428 483
638 812
733 616
404 276
635 550
564 490
565 863
716 467
312 171
366 482
497 81
631 466
78 470
469 780
928 501
322 28
506 737
826 41
137 145
194 66
820 178
401 271
289 318
809 679
338 889
778 746
617 386
691 647
798 745
678 899
791 608
792 514
248 886
431 359
878 422
268 547
749 22
382 705
661 800
539 376
231 420
565 388
515 755
221 718
972 394
22 897
919 141
526 857
634 153
87 817
400 137
974 679
445 375
507 674
236 284
827 899
64 85
317 957
156 637
943 893
969 502
110 920
643 117
862 575
106 835
658 554
786 215
129 280
903 460
64 371
84 894
15 828
11 954
701 761
443 233
707 612
320 360
586 920
989 318
922 361
634 575
672 848
124 641
481 717
883 212
646 656
918 981
557 107
23 691
584 215
694 140
567 438
789 104
348 456
261 463
337 421
746 311
711 843
68 991
453 643
479 903
156 426
640 103
713 535
841 554
328 755
369 473
940 298
191 96
195 357
983 388
894 545
26 438
823 639
523 355
929 794
748 754
233 587
566 263
220 839
186 979
478 242
569 146
170 707
154 176
77 603
795 976
762 677
283 228
781 605
748 912
714 512
754 257
21 884
226 998
731 531
553 279
536 611
888 866
833 39
394 907
707 821
855 754
87 868
387 948
994 82
373 919
247 610
396 242
490 725
914 371
222 164
443 841
649 998
45 661
786 700
414 133
52 648
922 905
795 397
467 201
31 855
918 437
225 98
443 23
5 868
638 462
91 508
1 305
320 438
375 917
300 779
84 658
358 17
54 830
515 312
901 799
685 248
375 758
376 208
747 323
803 117
306 519
989 258
137 592
581 968
632 313
345 688
595 868
444 776
431 806
822 93
275 266
257 363
42 515
107 802
100 285
814 561
393 891
33 460
278 148
845 165
370 7
873 164
103 747
414 850
843 588
436 942
399 218
937 647
721 104
170 254
613 42
911 191
180 427
589 181
751 956
940 413
427 370
640 353
835 286
782 315
14 161
345 14
346 753
809 767
807 860
611 295
259 730
952 960
540 889
981 921
263 942
363 793
273 938
844 423
633 588
532 14
122 203
123 382
238 541
666 562
26 405
812 788
282 827
890 689
196 837
69 465
251 402
257 719
421 340
154 369
762 10
710 346
362 508
291 952
221 423
245 33
942 377
301 271
763 428
212 158
620 115
69 243
435 505
554 897
297 504
575 789
541 645
124 773
988 530
311 203
763 650
537 323
538 44
667 960
743 85
728 722
215 412
509 191
480 825
614 194
33 244
319 418
270 802
99 780
405 213
188 715
870 43
746 109
641 463
98 687
402 573
183 320
690 532
730 537
988 849
76 443
2 562
421 971
389 805
745 60
458 495
124 431
642 578
916 37
349 794
155 915
281 746
731 110
74 807
698 349
935 88
591 522
66 387
930 312
812 491
189 292
651 766
415 859
267 745
109 112
200 724
735 460
368 310
913 611
276 521
481 521
613 800
981 972
438 184
86 160
416 956
270 43
364 834
807 832
866 412
631 156
801 303
491 321
131 368
204 874
596 612
777 262
395 647
833 863
868 378
979 453
852 829
691 505
305 662
456 518
18 885
112 152
104 491
467 134
268 493
252 860
71 504
383 58
938 565
426 679
345 830
375 594
605 293
168 184
405 309
83 71
121 248
179 984
171 920
482 442
466 84
763 662
612 964
880 970
607 521
314 992
558 71
546 535
35 6
576 354
461 800
210 224
85 916
50 633
399 606
537 121
387 786
909 649
860 217
595 796
410 704
985 952
566 111
200 308
59 747
668 699
581 674
826 187
403 230
9 355
232 116
414 938
91 811
901 444
557 458
636 453
451 966
659 134
53 155
40 726
597 478
691 537
998 695
218 333
660 804
934 399
60 632
208 811
635 244
948 31
511 849
23 757
960 677
562 937
601 181
285 602
377 613
815 167
843 80
806 36
586 550
943 82
887 395
908 524
92 943
358 672
889 355
822 63
683 585
445 374
571 552
754 734
260 573
746 606
283 756
66 764
473 742
109 182
260 716
562 124
1000 919
987 713
92 275
864 380
115 946
747 201
180 894
586 217
951 451
310 457
504 490
140 776
785 581
220 510
168 577
975 382
98 926
671 81
563 632
107 596
290 236
453 608
898 495
721 720
149 167
535 913
444 869
229 457
600 768
883 978
977 124
750 549
285 122
862 855
495 394
831 492
535 405
342 299
343 198
384 951
518 238
441 74
168 782
4 451
397 911
966 832
612 364
495 360
501 747
872 497
66 344
507 438
803 613
787 360
647 684
28 473
259 237
360 820
656 769
198 724
234 789
699 677
924 341
190 297
726 222
436 152
132 113
48 928
468 809
714 513
532 498
298 296
706 445
431 20
986 989
551 263
40 895
222 395
886 178
321 842
363 211
830 706
795 110
778 403
221 322
4 504
957 462
705 157
300 599
49 721
864 409
692 280
36 937
257 908
993 410
95 462
982 777
410 162
390 465
302 108
268 4
966 439
235 187
733 344
44 483
382 197
987 725
514 223
560 513
244 42
335 157
507 20
343 678
35 113
594 800
153 30
137 929
509 11
239 358
646 738
693 106
395 454
680 408
167 858
558 345
118 847
465 126
673 561
251 557
859 938
765 754
559 881
449 514
11 263
739 673
851 559
447 152
570 141
649 282
108 551
309 200
510 843
21 580
86 42
294 231
332 430
868 200
203 140
401 227
47 794
798 550
476 720
630 497
387 161
122 200
765 930
735 30
947 6
469 470
970 365
169 394
985 498
120 600
193 284
400 210
630 2
524 667
546 959
504 870
156 567
213 578
553 189
171 814
603 803
398 671
940 302
349 435
121 332
728 804
568 909
310 262
862 723
993 128
22 394
867 699
541 365
504 435
68 348
805 625
720 803
400 386
671 920
31 505
750 899
686 319
547 23
9 847
438 388
224 784
903 74
542 798
751 588
826 53
668 848
621 912
768 102
551 933
719 595
190 263
87 133
824 445
308 214
275 7
521 483
960 781
850 625
964 505
930 313
109 478
644 511
384 669
919 679
337 723
636 17
532 538
882 945
281 501
843 806
701 476
391 776
319 549
86 272
485 125
914 7
146 157
771 265
574 37
99 135
305 463
855 708
866 153
187 568
758 433
409 486
212 478
969 766
256 53
795 86
83 360
892 702
828 150
854 576
942 410
602 967
162 984
36 993
990 358
969 425
55 180
901 662
900 537
480 106
667 830
325 414
533 921
475 289
511 423
97 471
172 263
374 997
107 730
45 480
168 614
922 275
897 983
182 91
845 953
591 181
557 5
267 251
286 37
907 288
643 141
875 218
828 943
669 365
686 565
160 899
233 819
385 566
149 469
691 890
232 117
929 177
364 626
953 59
772 537
460 819
65 527
507 26
498 891
852 670
427 445
998 692
198 632
398 78
535 923
562 983
911 916
489 789
368 418
161 619
660 635
900 42
387 249
541 264
264 332
106 653
454 195
795 133
688 979
448 104
201 864
2 371
40 162
499 583
429 784
247 521
585 970
236 286
473 628
757 204
524 675
841 289
438 913
116 363
300 914
905 816
909 232
69 91
850 320
192 442
581 176
783 928
609 47
591 107
519 766
477 343
940 849
172 491
300 176
817 26
780 234
505 534
403 440
607 765
357 912
296 535
153 434
944 483
67 340
728 570
768 657
175 611
59 808
8 774
885 620
980 656
453 752
350 940
6 128
686 486
393 861
600 867
86 690
603 324
967 735
321 673
896 100
682 605
773 418
665 297
423 105
81 82
742 777
490 822
690 940
223 396
97 435
273 868
323 314
950 738
703 7
378 470
129 646
649 479
277 218
69 840
904 194
415 860
513 568
754 172
279 722
39 268
646 508
145 249
200 892
39 669
608 801
229 583
692 249
913 252
515 576
40 864
98 170
226 87
652 607
264 360
781 317
801 583
556 449
882 554
870 743
254 156
876 12
948 385
266 621
992 625
351 962
300 592
178 52
306 193
187 484
786 247
496 735
574 237
698 702
571 420
697 865
737 924
188 876
286 417
268 148
331 222
989 126
2 1000
196 438
144 281
550 913
738 401
560 913
48 197
289 749
823 104
715 931
737 239
81 771
210 169
453 394
736 33
76 514
27 626
206 901
106 504
676 685
419 604
628 230
542 178
878 136
536 65
327 544
665 261
557 274
330 922
775 312
992 393
927 909
380 110
753 460
111 165
493 201
224 867
208 71
835 226
328 608
721 255
631 404
996 55
851 780
341 230
878 55
956 855
484 754
801 144
126 983
843 829
520 360
593 342
133 472
485 938
514 858
696 41
127 459
843 906
576 1000
577 250
575 339
961 91
980 711
710 446
657 834
251 561
456 925
899 797
693 394
244 548
260 833
621 162
344 242
588 730
312 528
829 53
226 234
687 75
635 266
498 465
567 737
355 178
944 865
117 116
980 54
107 66
628 608
810 533
904 594
135 906
690 127
653 73
867 229
107 467
895 10
643 79
214 509
650 977
121 339
709 434
123 813
396 325
568 910
550 546
814 919
358 51
698 948
996 689
462 109
724 896
16 847
219 840
789 204
427 775
932 945
788 276
972 537
99 927
278 562
870 440
603 287
287 672
825 777
220 346
21 276
902 391
466 581
417 15
646 120
298 794
261 150
410 908
402 876
989 808
132 389
902 161
134 319
753 377
954 688
540 697
812 694
996 43
669 91
906 319
342 458
341 250
473 50
200 726
266 650
521 220
702 298
569 200
769 926
95 60
920 542
504 711
985 56
182 976
165 142
496 91
973 551
546 333
982 351
434 225
329 397
535 709
995 960
64 174
925 565
90 89
187 680
575 597
889 310
27 963
398 606
649 572
529 22
326 204
329 120
809 294
481 149
279 350
67 972
582 29
551 147
52 653
533 567
600 332
84 869
432 462
847 56
225 281
541 905
581 108
902 827
900 824
760 1
102 976
893 827
360 367
897 982
914 908
650 678
82 420
46 763
567 431
971 878
337 114
535 186
859 917
989 618
688 219
390 151
926 101
641 203
725 949
851 742
357 337
394 301
384 715
648 520
761 897
981 652
88 597
964 478
289 322
18 256
915 242
384 634
338 997
53 865
324 135
801 239
985 378
803 937
551 63
809 676
646 273
200 131
246 277
651 621
341 15
91 632
575 282
833 175
502 50
748 830
821 902
420 993
882 692
351 203
251 495
531 273
308 670
757 937
776 232
245 197
504 961
819 10
548 617
677 168
145 463
420 199
39 943
297 276
303 778
868 331
439 346
131 925
923 361
447 895
892 818
325 95
993 814
586 116
537 648
993 94
920 309
788 639
96 71
847 28
253 143
290 789
58 399
337 188
907 232
196 113
362 793
520 490
534 329
883 217
613 448
633 386
979 746
659 744
281 288
820 605
180 700
162 131
368 948
475 968
459 463
279 473
85 633
211 946
621 599
214 343
324 755
401 586
94 745
495 362
535 663
286 51
781 999
599 96
525 893
803 615
42 479
461 407
669 146
686 816
66 457
802 309
678 704
223 173
541 88
501 523
677 520
902 907
905 181
464 675
627 566
497 301
977 603
601 151
35 729
296 190
240 9
139 887
66 909
496 498
478 166
226 199
10 1000
672 469
981 341
610 161
41 234
178 779
830 938
727 986
728 44
842 28
75 903
956 4
245 160
961 954
357 529
528 259
467 49
661 47
504 530
37 463
406 346
227 977
447 992
632 258
366 656
554 714
802 11
225 208
46 486
965 244
335 858
607 579
793 899
650 540
281 215
177 422
125 488
551 716
510 290
497 577
295 402
23 611
476 404
600 546
231 764
291 315
129 180
167 852
59 823
581 838
660 299
717 262
722 156
770 542
859 989
751 219
935 288
261 518
176 466
824 419
164 908
649 881
826 369
80 115
778 508
722 461
816 840
52 249
774 909
8 383
741 243
209 418
907 545
655 135
422 46
247 31
931 671
548 932
807 857
294 116
282 612
436 905
492 498
964 820
952 148
296 344
334 816
339 730
118 880
327 133
899 796
44 893
649 805
501 178
123 736
307 489
19 541
740 833
350 457
368 612
761 358
796 803
523 989
931 540
141 163
179 848
309 769
109 751
629 456
832 102
887 512
770 164
753 548
572 120
965 732
277 340
463 441
35 158
456 425
22 392
595 438
408 268
429 394
656 82
90 690
235 455
383 583
928 946
46 365
582 355
638 506
676 883
953 466
682 752
54 667
175 937
91 34
160 633
343 737
293 947
20 221
648 670
646 121
24 152
722 275
296 735
122 711
547 708
955 635
151 682
522 10
760 529
119 278
913 637
706 174
545 84
492 379
864 686
792 443
186 918
354 372
377 717
692 412
658 348
930 504
218 487
916 612
800 922
977 530
41 586
428 974
557 961
716 185
635 459
502 70
378 80
110 695
640 541
291 635
790 515
386 861
353 278
890 247
503 552
325 856
312 557
701 45
938 673
758 38
575 596
467 139
785 18
127 93
827 635
169 189
630 108
278 177
26 150
410 105
309 653
288 645
933 379
184 854
849 880
791 141
116 273
979 149
710 103
69 101
549 171
361 98
917 727
899 308
224 242
373 287
398 173
103 138
604 365
864 450
993 162
353 835
45 13
852 355
249 658
96 43
496 853
10 375
484 386
837 386
873 680
414 493
987 317
976 554
884 163
498 290
813 153
7 102
998 159
638 118
175 988
680 374
195 536
309 507
782 87
42 710
617 74
257 403
983 15
452 469
788 15
625 210
337 787
430 791
824 347
181 930
85 326
696 789
15 47
865 930
773 255
316 638
388 147
63 275
808 734
716 511
702 190
613 833
616 187
593 669
538 842
744 799
708 762
565 384
681 131
648 468
153 602
575 763
65 358
598 328
252 780
625 366
531 317
39 942
503 701
269 44
587 182
92 712
785 787
649 607
266 701
253 571
933 287
572 177
150 27
64 253
886 273
373 322
767 728
230 558
230 420
486 50
628 383
666 92
405 40
111 100
232 520
932 319
185 918
292 990
760 30
979 892
709 171
693 566
181 450
510 406
837 591
194 591
301 937
747 633
766 167
380 870
669 277
200 196
536 286
332 961
719 759
104 864
267 886
417 69
823 853
512 437
9 343
466 522
107 772
3 961
760 730
786 956
642 696
864 520
39 40
203 962
830 269
171 240
134 260
962 157
569 37
56 80
420 721
829 619
80 182
997 437
691 630
535 953
481 566
356 402
502 594
204 862
562 584
619 633
467 500
469 334
312 647
296 268
360 755
754 543
457 924
541 411
31 573
268 289
307 317
553 53
629 322
39 850
27 906
669 183
913 941
899 110
631 645
580 681
709 331
691 208
396 460
14 551
254 360
606 989
644 698
355 876
384 652
729 566
767 42
948 848
538 191
112 528
645 784
729 679
519 732
689 241
727 537
412 166
474 673
127 681
20 885
917 481
152 165
760 58
551 604
93 762
367 15
629 984
7 174
157 349
674 361
785 832
962 210
552 597
422 611
958 561
116 956
299 244
428 272
621 937
158 185
401 676
113 658
62 101
754 973
255 844
424 978
963 955
926 205
976 62
795 658
744 42
268 818
622 79
753 300
916 722
111 462
973 479
939 211
597 403
445 134
961 580
375 453
749 184
472 796
915 410
754 206
190 640
521 55
565 294
696 43
491 345
751 527
539 439
678 884
212 341
839 88
551 510
539 292
506 441
61 56
853 460
835 689
17 50
683 517
117 449
745 936
744 629
658 829
558 994
481 30
982 898
469 565
550 326
364 429
709 303
729 481
699 265
899 475
352 412
560 593
88 390
111 618
511 396
975 29
44 337
321 996
728 726
638 377
324 225
387 977
934 93
281 178
724 898
429 282
305 276
822 275
336 686
683 950
820 752
271 696
77 249
898 258
850 955
711 894
676 707
534 737
200 98
389 350
340 138
39 146
903 23
149 446
389 495
600 972
416 323
768 232
36 643
757 674
273 735
476 994
241 621
856 576
673 30
947 683
450 913
12 936
935 383
859 375
454 937
955 856
423 998
736 884
688 637
742 640
691 686
807 892
331 15
812 982
338 801
583 789
216 253
434 268
895 141
164 613
170 274
498 647
297 156
74 374
748 142
829 486
725 53
662 718
847 710
101 992
616 540
822 768
736 577
459 542
910 426
691 155
292 118
999 960
840 590
913 774
770 137
59 178
645 711
852 509
510 153
135 142
616 984
780 193
258 693
969 136
989 213
422 894
22 260
786 744
286 153
159 149
737 277
615 268
394 102
8 531
521 721
315 744
464 238
559 837
947 186
437 53
544 909
319 49
394 344
180 329
110 142
57 2
518 145
955 553
333 341
725 947
670 108
824 348
474 221
811 54
113 900
850 700
333 695
172 763
543 516
88 710
86 81
87 392
60 863
200 756
972 82
777 68
651 623
618 982
930 570
203 100
95 18
534 937
394 879
587 506
294 290
53 554
471 783
294 780
308 176
672 691
339 661
584 824
877 365
474 216
420 882
379 147
545 947
838 344
969 671
887 665
736 766
538 428
938 642
667 64
907 493
464 773
692 949
306 216
75 925
408 568
444 334
637 803
429 158
474 825
697 842
19 818
832 943
729 473
269 646
533 585
486 451
990 464
918 29
977 261
917 347
276 341
595 113
758 975
337 289
465 372
102 99
709 25
90 619
382 499
185 917
883 298
612 980
300 66
194 733
504 349
864 735
479 748
206 940
381 404
765 131
659 746
290 91
82 281
779 133
917 319
363 988
932 621
59 523
246 907
472 628
802 551
56 883
613 775
793 44
497 231
317 330
869 391
209 449
621 742
234 843
830 306
280 490
428 738
450 934
968 567
990 564
609 23
527 487
804 824
821 198
734 569
946 537
319 745
857 146
103 238
848 827
591 925
189 237
985 118
844 271
539 347
99 192
463 867
935 126
783 348
472 462
1 840
53 703
542 518
666 886
952 583
754 623
442 541
903 760
218 455
50 102
261 728
749 680
932 152
700 428
205 970
278 126
272 549
128 659
365 816
660 469
984 758
969 102
642 388
935 621
689 871
541 990
275 962
828 643
480 388
137 933
390 273
965 131
824 873
309 751
435 860
996 623
813 79
561 62
390 416
546 458
841 798
552 711
680 412
193 230
663 589
133 578
23 722
886 884
815 907
687 781
217 610
586 701
826 140
350 710
149 409
703 838
760 648
216 678
753 449
129 965
321 381
307 958
716 290
38 818
216 452
911 43
420 758
369 218
80 147
976 994
356 288
911 88
734 533
367 672
117 573
1 865
355 104
84 426
66 205
85 95
32 69
1 906
455 445
388 394
321 953
485 870
672 388
992 673
802 206
80 735
444 16
417 900
934 919
404 646
900 259
908 822
529 47
71 416
2 169
336 867
207 96
465 513
373 136
383 355
420 511
531 389
296 805
888 319
10 639
887 947
525 396
781 191
451 804
495 778
462 193
279 533
27 548
569 853
767 862
897 862
701 572
408 189
988 8
835 827
727 429
726 394
167 890
943 240
462 274
599 855
671 186
965 409
396 900
899 19
192 88
328 673
545 264
569 386
588 426
536 117
459 358
521 487
116 695
686 767
985 754
125 812
476 995
497 56
208 949
748 567
637 251
752 562
768 311
493 972
817 862
198 419
473 160
180 492
346 20
643 22
562 529
49 930
70 888
952 801
537 885
296 197
424 410
995 965
725 52
268 283
35 608
147 622
60 149
5 628
377 15
198 679
767 318
622 535
645 548
813 578
446 873
568 591
663 64
148 610
106 873
641 610
326 850
628 758
439 17
67 606
49 511
654 556
70 343
163 115
571 350
439 134
558 72
742 293
264 969
672 987
819 540
859 603
948 952
880 606
353 690
461 704
766 62
491 716
920 372
703 555
872 621
211 701
216 977
487 273
936 766
958 639
962 610
101 22
447 510
481 975
755 41
360 63
821 350
181 63
717 93
138 834
450 208
533 315
94 643
829 980
167 205
830 279
812 262
501 643
473 482
256 392
251 21
324 975
91 972
184 218
796 594
829 694
226 877
133 239
138 567
855 902
39 757
846 767
27 277
599 413
956 686
188 256
487 746
227 506
653 714
731 954
799 174
697 766
679 442
807 577
994 72
27 51
714 859
992 617
423 238
563 18
623 862
572 220
3 546
956 99
23 148
410 455
28 526
822 924
624 179
957 647
262 285
841 182
948 894
474 937
37 441
404 924
769 180
745 530
27 639
945 208
943 581
254 44
257 246
814 978
637 757
49 891
396 671
948 924
746 31
903 193
401 813
283 114
823 871
582 587
159 430
91 108
916 107
777 306
775 208
31 410
235 861
459 337
974 336
669 254
820 894
324 525
109 273
128 304
384 682
787 206
240 53
782 438
432 742
507 58
197 905
703 144
264 959
357 13
946 647
153 610
913 470
578 474
964 909
912 650
252 733
18 5
956 707
43 730
762 798
161 523
182 927
218 588
660 539
57 586
956 690
403 562
192 943
820 289
469 317
678 131
973 458
744 539
504 992
154 700
75 811
576 884
294 523
136 693
212 128
732 591
35 393
131 55
365 670
629 497
408 533
905 711
376 393
250 430
309 859
437 43
323 17
25 268
758 782
830 651
357 623
233 401
527 745
861 15
813 428
462 234
983 540
767 165
519 734
336 565
615 113
515 335
590 785
8 855
742 124
444 663
927 218
859 816
609 297
811 949
8 806
940 87
780 1000
621 790
214 404
574 530
567 400
254 949
458 970
58 128
958 567
246 869
177 534
531 579
414 197
253 355
661 204
501 814
63 230
358 550
696 753
935 434
540 546
599 933
617 145
927 542
590 380
591 685
360 789
610 685
733 265
835 260
798 664
949 276
661 640
777 880
543 876
821 454
456 818
113 173
477 644
665 647
832 445
852 944
394 804
948 323
97 913
777 381
946 284
565 454
291 977
732 833
988 412
283 405
378 797
788 158
443 875
117 112
887 620
780 362
535 73
982 896
14 662
680 942
511 168
62 674
301 410
693 936
434 829
770 163
790 166
993 42
649 742
118 757
802 752
984 723
344 562
101 398
875 859
474 528
724 908
229 298
980 502
175 852
905 847
989 352
831 589
383 259
533 211
898 464
295 256
480 655
318 739
323 75
396 901
974 494
579 282
218 354
335 688
564 622
836 395
233 858
287 573
879 55
21 641
523 195
581 601
341 932
198 887
826 272
494 130
26 908
797 401
139 137
461 680
1 373
860 567
340 92
493 58
609 24
239 461
542 479
381 645
809 588
60 594
597 437
302 531
673 397
70 607
736 840
547 315
208 809
682 85
796 461
891 969
857 201
711 226
83 529
304 130
444 70
338 577
672 417
677 505
259 107
134 921
123 638
677 1
1 544
438 543
739 344
284 661
409 267
637 797
69 209
272 125
188 161
858 973
396 406
89 604
311 37
921 273
559 259
541 788
548 16
511 418
296 657
650 576
903 374
887 775
525 256
785 595
824 241
558 440
997 760
448 747
126 890
508 283
54 107
242 715
573 645
881 777
723 360
427 871
120 275
428 180
871 864
769 16
238 359
438 357
497 927
557 145
854 573
506 935
54 181
458 770
461 141
64 857
176 259
293 596
664 24
973 50
523 239
690 788
142 651
806 402
739 589
646 235
80 62
411 234
858 69
587 513
248 927
490 804
108 763
74 551
717 783
95 911
96 807
226 874
27 359
895 596
627 606
407 368
543 804
348 505
142 199
553 316
630 306
297 126
333 872
728 310
812 72
571 832
37 100
203 649
792 807
210 608
207 404
814 420
196 923
967 382
791 972
170 534
562 276
526 395
903 868
454 122
130 424
747 549
739 372
230 377
245 404
681 348
965 28
112 582
210 47
546 565
234 805
220 500
202 603
846 416
190 840
741 694
409 366
617 888
449 798
825 619
733 818
157 374
915 598
94 947
862 22
439 568
599 798
289 919
789 994
403 155
170 985
372 636
513 992
51 666
919 772
955 567
196 510
420 198
45 744
157 9
985 696
762 138
930 267
661 393
275 66
498 777
574 399
927 714
566 286
308 925
915 18
536 221
68 673
501 535
99 36
331 120
539 575
959 842
653 523
288 149
38 65
574 23
21 893
779 568
779 8
144 948
933 252
61 17
463 877
726 639
752 168
36 753
628 875
430 168
226 479
65 327
763 296
981 337
162 827
117 411
552 254
770 813
22 134
40 418
451 600
389 738
383 329
149 769
689 788
582 89
606 851
477 261
888 404
707 696
33 921
430 901
457 809
663 361
672 772
505 565
181 434
823 103
318 629
799 198
470 912
974 96
759 794
617 997
266 99
195 155
182 328
659 520
533 47
458 971
817 372
727 233
622 385
241 346
630 924
573 943
333 394
150 832
320 791
427 77
945 520
346 55
938 339
521 457
117 872
488 476
281 983
935 2
47 962
643 843
237 80
78 664
275 207
355 29
769 949
754 205
386 595
459 43
354 223
672 184
673 337
808 756
986 776
848 793
867 7
742 462
729 42
820 407
96 120
329 404
735 4
666 573
939 515
668 67
743 569
231 485
786 498
109 969
900 382
922 722
740 637
230 551
662 656
107 57
791 101
326 884
629 69
432 295
361 327
940 997
435 668
845 685
239 418
370 527
940 647
687 394
230 99
286 273
197 890
514 44
328 231
366 547
422 849
956 505
922 313
465 434
746 965
943 749
710 680
380 715
253 179
401 970
509 41
681 950
920 282
495 234
668 904
851 258
120 248
340 773
270 724
626 574
275 702
883 149
702 763
121 658
473 822
188 254
25 980
659 159
228 245
618 317
660 186
702 469
59 565
405 545
653 117
570 171
294 347
700 744
657 741
142 863
521 374
316 598
626 85
960 545
62 33
997 896
782 286
548 964
878 327
930 788
773 953
905 241
653 595
535 595
867 35
777 271
709 972
285 736
843 58
481 349
407 77
325 836
679 609
127 263
942 301
230 707
620 63
657 67
49 692
92 736
539 35
279 228
800 437
782 709
150 818
568 593
255 229
202 499
991 561
466 444
876 375
239 593
98 659
180 865
676 46
144 471
187 107
686 553
128 891
296 545
259 77
409 838
563 613
340 938
275 621
116 209
758 640
11 103
630 925
901 731
684 390
189 800
355 520
462 364
484 236
694 43
841 677
881 624
665 343
996 263
7 768
177 605
3 109
916 448
129 914
497 248
595 515
858 211
143 241
91 800
953 61
521 257
170 177
561 512
273 90
878 1
271 93
241 76
702 484
441 642
873 903
489 910
610 594
536 881
480 925
492 609
635 141
691 655
7 898
865 175
806 204
627 545
95 172
98 128
959 567
84 339
664 438
268 682
930 795
404 527
717 705
83 669
464 873
709 561
925 532
710 266
416 524
878 556
37 244
130 310
349 162
810 436
886 75
120 662
227 730
573 427
934 545
766 525
732 613
804 298
587 170
326 146
701 958
795 441
889 70
874 402
79 106
455 971
596 59
335 17
628 10
362 209
789 444
180 408
446 49
653 285
767 131
571 380
258 295
426 709
209 421
934 671
549 429
628 490
115 217
23 602
615 220
836 159
672 872
267 140
286 248
639 935
589 449
182 57
129 163
974 5
650 327
257 862
45 271
690 580
251 518
129 641
305 418
483 233
113 537
510 485
24 54
426 374
285 465
493 334
248 947
345 495
884 464
778 453
691 860
817 553
677 721
364 588
608 402
958 202
741 218
772 331
997 288
12 924
968 570
109 416
330 607
590 401
332 385
597 507
251 51
958 26
276 712
562 803
890 486
467 523
543 906
341 46
930 605
663 117
28 893
929 659
344 109
189 91
852 781
100 618
799 774
835 729
195 822
239 981
554 883
461 569
689 728
190 639
801 714
574 449
465 905
357 651
981 449
784 771
398 539
735 854
171 827
121 421
398 313
356 929
196 670
452 800
292 137
184 786
791 177
634 278
317 586
304 375
782 556
141 412
434 742
736 362
754 991
889 188
563 703
270 991
148 447
556 460
633 327
870 180
672 773
159 170
56 726
897 992
384 221
917 493
36 605
120 221
263 175
46 709
987 377
272 514
36 507
978 255
918 905
560 245
137 644
926 388
177 699
695 217
827 321
955 372
560 68
651 927
500 543
229 103
808 467
158 189
950 393
399 189
994 889
614 124
663 812
301 683
964 381
195 721
955 594
960 824
902 191
206 728
635 998
265 745
801 72
506 702
806 475
741 254
815 603
536 583
158 494
513 749
91 921
165 434
167 356
43 794
142 98
240 332
901 159
498 524
127 497
865 712
312 824
387 166
787 915
866 840
400 299
436 409
493 664
335 368
909 358
123 743
472 429
331 466
911 537
831 272
112 195
339 940
305 844
72 593
843 460
554 905
732 556
46 37
898 106
827 816
7 809
430 823
642 103
473 546
344 675
453 271
590 704
628 435
385 103
372 241
547 143
489 59
987 468
606 622
404 180
284 898
102 953
51 953
529 118
310 170
267 987
176 138
103 545
792 101
310 837
828 898
206 794
48 340
307 705
938 421
765 474
851 720
411 559
600 976
458 718
336 238
423 402
561 628
138 911
506 325
859 331
532 339
971 277
882 936
337 613
394 740
930 530
768 441
473 694
57 934
994 321
423 627
173 860
444 340
249 398
798 517
511 778
577 216
988 444
909 82
123 274
749 442
937 48
847 605
919 352
740 643
688 357
672 419
247 909
982 704
307 456
629 446
709 749
736 581
398 701
311 257
979 299
302 60
940 582
10 655
338 240
628 753
85 413
499 319
318 833
211 499
72 965
519 659
701 748
698 633
391 28
858 749
71 820
422 882
22 280
25 228
600 624
675 126
115 109
259 676
79 462
689 398
351 391
286 44
803 386
23 874
710 911
64 377
33 275
696 589
217 956
462 804
953 354
497 878
833 756
453 382
409 528
450 188
380 61
533 471
829 864
42 338
495 348
156 462
401 497
702 149
834 841
137 15
748 647
855 189
290 759
575 34
243 525
969 871
564 273
142 939
218 341
556 653
483 107
526 845
198 386
422 250
856 382
412 292
964 777
826 886
714 341
425 951
678 866
784 634
880 467
199 893
662 639
882 513
222 38
888 958
373 954
178 184
288 472
550 416
24 814
979 342
965 855
508 774
593 860
886 507
616 229
49 318
452 717
849 855
923 284
210 788
267 71
681 322
866 734
941 144
279 489
635 102
896 575
839 753
353 866
749 772
112 727
387 987
125 79
162 443
275 648
25 881
872 588
154 535
253 491
918 605
782 361
63 894
883 202
877 598
15 763
641 184
591 133
453 650
536 402
543 91
224 590
320 781
172 806
891 454
746 335
547 818
733 579
916 485
310 956
938 381
370 107
9 135
410 974
541 544
668 437
247 384
393 177
322 121
894 953
203 806
534 894
510 466
997 432
303 259
514 990
198 607
496 187
830 16
230 844
105 665
770 743
919 458
223 73
545 881
469 329
696 131
645 310
888 875
631 973
578 251
360 760
821 533
400 351
773 658
887 276
799 662
469 481
397 190
476 409
663 167
943 7
634 53
28 510
526 357
461 604
867 425
631 640
814 160
102 342
175 494
892 876
291 229
629 111
482 520
546 885
672 568
747 28
735 631
372 111
562 235
193 884
269 567
291 451
827 245
798 62
867 788
542 520
780 133
379 650
533 843
989 281
883 266
846 386
558 502
318 635
999 352
103 431
576 289
860 234
945 302
849 383
812 133
150 612
44 31
3 770
508 35
794 938
228 162
736 620
308 250
668 618
617 150
467 859
267 631
56 130
5 55
975 783
354 601
274 216
437 700
540 352
169 822
665 985
523 535
363 504
289 509
990 679
497 370
99 2
526 773
235 706
201 630
992 436
700 520
494 545
406 647
62 357
246 454
140 471
820 401
400 300
133 454
247 936
819 219
748 147
456 531
12 727
84 251
903 123
50 439
344 872
880 106
727 888
539 89
562 474
767 407
933 321
361 679
442 428
171 806
870 996
153 160
939 961
975 147
858 871
840 422
400 775
831 872
597 534
466 248
488 576
783 993
59 184
803 969
385 102
975 393
162 368
237 716
571 20
993 890
135 71
654 993
538 240
21 428
461 21
216 872
825 786
147 506
6 67
651 954
375 864
604 890
54 351
764 880
985 581
124 23
752 840
380 137
952 378
220 109
904 509
638 536
327 291
419 812
324 819
557 622
322 161
820 160
218 382
401 310
366 302
583 643
289 409
769 919
131 490
683 809
721 510
526 225
484 620
782 143
273 187
97 577
886 835
602 314
658 120
142 153
71 205
183 567
772 240
631 949
95 360
278 216
778 816
585 982
307 376
204 787
151 443
444 167
192 136
46 215
715 292
273 457
632 814
241 718
634 476
909 252
355 137
897 668
429 754
349 495
100 566
660 479
816 460
248 254
286 480
15 802
605 222
456 459
554 76
343 358
605 79
84 660
704 416
279 682
637 350
814 660
402 534
989 498
153 720
341 611
620 317
355 506
306 806
437 48
324 239
295 182
354 750
389 445
913 219
16 735
552 929
259 833
793 441
480 592
601 704
588 458
695 550
885 980
119 240
693 1
146 324
717 187
920 675
117 991
298 27
119 97
636 77
251 41
180 27
53 275
492 341
938 75
276 566
761 740
965 450
281 920
308 327
641 52
60 289
688 749
49 881
502 53
229 707
322 423
35 802
226 25
457 365
189 53
83 558
291 541
890 21
412 715
869 438
623 757
370 913
938 655
45 526
406 425
856 12
567 550
329 140
911 716
484 132
667 244
946 5
639 144
399 374
927 794
978 370
460 989
317 548
466 414
486 933
462 24
821 681
222 611
315 79
851 113
597 605
46 936
718 971
736 319
883 844
849 624
704 285
390 302
428 117
101 114
662 154
741 691
979 770
358 333
505 911
328 653
888 200
615 303
637 467
394 7
310 147
298 699
371 867
539 79
484 130
926 57
824 543
208 196
523 191
691 817
599 904
252 21
254 639
459 341
362 587
46 875
329 929
660 995
886 719
726 356
15 9
165 412
137 187
178 537
661 616
645 19
192 645
544 362
946 530
485 764
182 992
497 294
208 671
866 204
407 6
669 687
283 28
529 292
448 76
302 155
378 773
255 89
756 162
918 353
900 276
758 96
101 718
709 676
452 756
736 526
753 672
386 33
631 643
886 757
879 901
978 342
631 560
335 247
115 921
615 28
249 739
435 818
171 616
858 674
785 536
474 683
571 11
755 854
681 607
223 788
81 891
135 98
48 76
271 674
976 1000
336 343
922 450
337 34
158 467
158 16
140 523
91 479
717 319
257 353
367 122
335 728
506 986
52 418
567 285
399 191
223 603
315 900
464 58
212 808
470 506
209 266
503 104
473 429
592 981
664 450
848 111
406 971
834 910
85 376
583 521
769 537
40 663
555 104
941 891
630 607
759 121
106 164
568 124
863 463
188 341
808 671
265 708
140 464
929 701
344 75
413 831
364 118
682 415
520 78
813 951
479 327
762 929
800 206
196 847
268 364
540 128
338 488
65 288
395 627
588 692
937 272
723 935
961 423
62 727
193 388
235 1
934 539
207 111
666 244
504 222
213 570
589 835
664 678
681 264
286 389
162 687
739 977
471 228
334 401
407 607
569 856
508 412
232 582
853 876
231 648
159 191
976 586
696 558
23 668
7 123
85 887
690 699
750 635
641 453
551 638
309 383
826 75
650 285
669 495
707 836
690 522
386 697
533 64
241 490
798 279
580 109
354 911
983 96
486 597
824 471
381 462
845 127
77 981
774 69
6 467
389 489
561 904
512 116
972 838
702 427
481 805
647 350
171 161
100 25
707 499
564 392
712 411
674 314
768 157
419 815
556 788
924 784
835 343
798 873
747 899
113 99
989 962
904 220
564 174
346 731
203 126
222 302
259 288
155 499
504 719
708 653
527 75
86 297
215 838
397 402
571 971
593 571
351 223
193 213
798 812
969 532
26 451
402 443
520 106
778 942
912 500
514 600
623 720
758 57
300 641
623 550
247 572
451 759
53 867
148 829
365 721
828 175
887 588
416 389
726 586
286 711
162 977
951 723
442 321
673 917
979 154
205 542
477 217
7 296
197 202
258 350
4 286
120 57
926 657
999 453
309 689
615 181
215 299
101 128
470 991
396 982
203 752
21 463
341 610
267 835
696 591
150 668
73 899
132 466
280 357
890 892
727 3
177 931
774 917
695 545
823 620
801 118
994 513
777 253
482 365
990 173
263 714
86 107
753 238
169 781
354 275
562 972
924 235
742 678
891 120
967 199
787 165
825 167
120 797
213 205
15 75
401 51
188 285
887 413
193 177
106 754
752 128
878 576
810 288
539 226
279 39
541 432
658 236
504 769
288 717
733 341
482 768
780 351
799 589
231 191
821 721
278 84
596 215
563 902
467 29
196 677
378 704
767 430
291 203
380 230
45 840
392 420
542 643
463 382
999 408
414 278
556 491
97 266
462 2
727 626
987 481
823 31
935 883
612 978
168 587
784 373
548 278
676 803
491 687
595 853
686 380
889 624
229 511
431 791
124 267
305 423
594 487
371 866
890 958
656 718
824 544
876 937
518 228
4 618
599 907
930 148
495 370
940 285
579 103
115 208
882 12
174 664
318 104
983 270
310 732
114 501
227 174
744 68
120 977
695 811
846 685
668 341
692 83
456 795
312 799
248 669
890 340
84 259
714 902
550 224
56 292
613 513
1000 539
674 708
325 904
36 765
700 324
645 325
705 250
249 166
839 147
342 681
193 116
386 911
301 235
615 680
925 870
288 597
988 510
288 708
975 145
463 429
466 387
606 654
809 503
510 291
480 43
10 468
562 233
49 58
68 354
361 504
970 642
701 530
727 534
823 99
625 984
440 632
702 880
833 999
922 336
972 279
379 637
56 584
664 775
612 581
738 648
975 725
10 153
360 350
567 495
144 427
851 584
138 37
824 572
586 679
57 467
702 573
924 623
191 56
446 40
241 303
938 351
702 396
117 884
29 62
910 729
307 900
90 60
146 378
698 319
20 295
350 77
223 137
483 84
262 105
216 377
549 537
159 973
588 241
847 804
350 772
591 974
66 199
453 759
895 616
108 334
532 408
424 277
813 805
635 39
356 524
305 534
38 261
394 801
923 772
899 772
739 69
5 649
769 91
14 377
127 208
614 802
528 697
322 654
844 527
23 106
796 938
692 619
417 783
969 298
454 290
718 751
371 448
499 695
351 702
435 627
537 735
629 65
22 17
817 375
740 814
49 469
361 331
788 584
383 766
603 418
633 247
49 38
993 261
850 144
978 93
709 219
582 347
868 889
914 929
756 26
483 726
52 619
121 549
802 862
641 452
479 546
431 975
381 348
418 198
579 257
889 665
931 412
973 9
665 744
632 373
138 168
285 7
656 933
252 94
143 153
636 436
105 420
893 451
721 680
961 355
686 880
468 661
214 113
471 514
826 639
609 869
407 506
63 372
460 472
13 927
820 81
843 976
881 101
869 524
908 652
800 13
618 780
4 245
703 437
959 543
490 638
843 62
596 478
66 973
200 520
322 611
930 866
844 732
114 961
783 515
843 284
666 319
460 804
131 825
32 658
676 219
571 487
8 940
519 639
97 124
25 463
443 104
961 747
376 53
738 511
642 249
266 197
927 8
676 776
751 468
128 238
276 414
3 702
868 528
150 435
279 789
235 132
926 432
287 766
93 571
497 914
308 19
817 295
357 102
596 833
983 150
54 142
497 867
81 108
389 443
63 212
727 173
341 978
264 683
906 230
711 633
68 653
368 623
132 354
51 594
142 831
574 770
436 143
347 636
761 746
977 997
928 239
51 368
52 991
89 786
27 235
963 551
948 145
570 605
56 265
776 697
705 108
800 152
438 722
682 340
331 270
481 381
352 236
283 419
217 427
538 439
866 8
61 234
762 73
546 906
286 657
719 357
477 26
170 930
465 562
466 269
123 910
143 885
718 551
679 871
637 941
983 641
106 183
860 973
179 513
642 443
19 936
166 777
163 21
162 327
680 280
55 432
93 893
927 236
729 877
713 336
608 106
662 267
573 676
816 167
724 560
257 434
627 167
298 697
103 618
56 907
314 463
868 874
984 912
651 964
996 182
51 513
159 714
950 707
983 813
424 909
523 415
342 115
790 903
682 244
964 586
839 334
677 575
480 767
806 157
627 656
703 239
992 155
985 462
624 698
951 801
790 737
369 785
756 859
498 631
448 416
618 836
235 872
865 529
23 355
852 777
620 739
735 713
838 300
17 78
36 766
849 172
390 829
434 49
221 343
115 716
41 209
403 790
687 46
784 775
344 830
970 94
535 490
629 507
762 220
581 376
525 917
89 622
875 326
245 371
12 52
140 961
362 49
90 824
608 697
352 740
918 48
701 672
118 530
619 475
12 139
175 713
515 292
707 588
780 128
169 687
660 478
295 282
704 537
355 692
68 912
660 316
519 11
633 466
889 764
375 921
86 724
696 520
716 635
38 587
755 231
919 950
6 501
155 941
102 578
893 333
569 367
697 162
5 163
962 326
510 886
740 87
488 336
329 812
19 104
652 896
686 964
319 677
933 953
806 185
986 789
625 115
716 142
344 593
902 767
743 679
544 487
139 829
356 525
840 926
490 539
208 55
435 182
984 381
481 308
155 55
49 520
670 762
322 540
216 7
770 1000
383 165
420 177
791 898
26 264
316 755
411 350
362 480
911 613
738 7
649 526
121 127
269 997
376 456
905 741
362 130
839 916
438 855
528 503
662 102
663 283
580 427
818 352
432 427
159 40
415 178
625 874
292 911
6 917
135 51
375 686
589 564
71 989
289 352
156 190
791 244
577 888
962 742
162 510
312 463
58 63
573 748
154 586
603 361
137 309
927 986
807 304
789 805
574 517
727 121
161 24
324 572
652 123
128 335
593 125
647 344
650 204
336 896
927 760
970 841
869 297
372 855
655 226
379 53
824 166
826 636
275 238
350 193
651 635
526 885
659 84
952 202
709 806
122 128
262 523
496 85
829 397
43 536
83 535
502 95
599 278
623 621
948 476
554 823
296 91
44 745
151 71
448 182
47 406
199 699
977 551
519 856
576 178
994 129
800 458
235 239
787 692
295 777
334 721
727 778
178 325
586 70
240 534
746 768
999 118
894 152
641 660
606 812
366 593
992 128
280 828
283 947
6 843
235 410
406 709
492 361
286 134
872 965
873 300
233 141
99 75
385 240
684 492
333 154
6 768
82 410
391 830
896 228
789 103
239 16
439 978
189 827
355 527
318 641
300 372
693 507
722 349
812 186
105 357
824 501
371 26
897 383
954 888
426 177
229 780
416 359
91 807
510 831
665 628
260 312
133 54
412 147
584 169
824 211
934 296
100 142
51 450
731 356
290 610
299 752
691 658
178 963
910 432
753 125
661 706
296 394
142 201
454 175
166 243
188 287
354 115
781 270
251 714
351 863
335 329
869 769
250 179
274 739
277 576
350 398
939 735
852 212
207 524
66 577
340 416
16 438
288 587
622 570
439 428
962 599
474 769
329 2
809 264
467 343
499 366
351 753
300 901
852 426
410 197
303 626
913 730
2 27
224 151
9 506
999 410
603 917
898 193
872 914
64 767
620 988
179 734
831 332
524 154
949 931
382 330
81 173
119 621
713 288
509 861
77 185
68 888
741 402
500 512
375 948
846 806
66 317
17 999
324 741
116 583
467 835
727 33
547 647
399 122
369 421
246 685
918 672
673 109
547 532
697 103
536 803
111 445
938 155
549 611
587 688
179 929
735 264
852 564
908 710
375 361
17 291
91 606
916 549
207 592
423 567
634 420
928 123
88 968
727 833
642 308
208 545
344 225
677 225
680 667
991 449
183 745
991 342
938 622
118 966
128 764
292 39
443 949
781 101
642 493
182 466
704 94
870 847
687 271
637 944
236 539
112 521
274 888
278 848
262 644
607 508
932 501
185 584
875 773
841 949
881 832
608 920
964 53
233 69
537 61
29 186
102 865
214 431
881 504
309 393
699 785
390 186
320 627
431 922
240 602
696 521
806 754
254 527
347 251
720 383
289 277
629 705
208 163
962 468
928 620
871 644
985 621
693 164
54 486
289 151
574 840
869 308
213 304
30 670
432 697
882 897
920 670
173 994
959 775
449 90
364 851
769 911
352 779
282 618
264 209
764 300
769 824
184 264
645 133
792 583
984 239
469 361
252 623
166 315
99 228
360 728
199 833
153 486
797 981
65 293
786 383
790 351
918 256
500 375
118 802
411 462
656 507
790 206
849 770
379 991
196 767
442 957
664 681
496 581
637 689
923 472
192 334
672 600
358 95
692 651
985 62
140 885
344 680
810 973
707 555
528 150
893 812
316 12
804 538
98 954
577 895
927 167
932 719
592 616
917 125
261 505
814 751
980 723
360 444
270 585
842 732
285 520
727 139
927 965
825 903
849 121
225 807
342 478
950 281
793 575
169 628
850 613
604 916
164 825
441 872
573 715
523 422
82 906
998 644
473 835
459 124
366 776
389 793
191 397
964 643
713 309
640 713
523 852
807 887
630 446
539 256
388 455
104 396
412 477
182 943
843 931
971 118
834 341
563 145
946 315
757 843
100 702
377 23
865 314
573 105
783 690
254 350
596 45
871 469
875 30
947 445
306 271
277 382
228 716
670 788
124 941
628 391
586 214
552 474
1 372
561 412
335 857
762 503
525 313
504 475
512 632
803 171
399 572
571 199
789 132
810 929
462 84
500 783
812 462
896 374
737 300
573 670
958 660
775 966
904 195
506 831
676 665
695 239
37 961
223 766
688 71
177 710
949 864
147 282
423 121
794 639
246 932
634 894
798 31
137 357
290 302
759 766
547 746
161 59
533 484
237 240
474 162
958 208
194 37
341 818
34 666
246 753
907 611
526 344
269 390
881 438
576 676
578 462
635 131
873 538
363 452
695 881
41 328
761 601
78 877
762 770
134 707
377 352
291 688
164 386
238 631
740 733
432 529
339 668
344 6
108 39
438 720
278 265
61 119
779 820
652 574
473 983
165 905
980 2
948 544
480 653
291 895
75 916
349 45
259 221
192 232
265 844
3 192
97 45
408 432
852 427
840 403
70 280
537 661
206 360
617 583
1 460
399 739
185 563
572 937
955 19
799 466
798 447
702 859
379 594
729 883
15 544
271 586
145 802
183 366
150 605
765 154
271 763
932 519
495 409
152 113
427 969
637 64
471 384
310 774
792 1
920 118
333 415
426 259
29 934
789 599
933 720
793 409
222 584
707 63
428 884
361 257
890 526
854 429
657 679
51 289
568 245
731 323
320 462
14 70
967 164
271 349
577 234
117 721
613 764
302 445
503 362
130 754
921 741
978 782
647 871
317 128
891 871
765 770
148 914
481 415
444 5
21 814
209 904
891 724
841 495
994 215
652 433
250 327
895 181
733 314
842 146
292 183
724 146
619 76
965 104
178 266
219 602
535 202
878 95
278 849
281 51
118 528
163 51
241 791
367 307
738 421
506 45
67 687
893 775
585 46
968 418
141 632
436 632
435 935
77 378
168 554
499 24
194 566
656 271
896 318
638 9
885 596
964 69
445 99
517 723
55 692
206 768
138 32
410 781
488 37
472 682
381 294
73 973
20 204
210 367
223 468
336 367
73 815
402 911
220 906
886 559
354 500
81 340
164 661
915 55
790 929
717 895
441 700
886 606
703 188
317 337
707 313
782 261
490 871
930 520
117 516
782 180
394 861
911 652
442 885
299 584
239 902
33 356
999 904
790 493
166 395
39 961
924 355
139 541
17 185
736 703
18 658
648 357
390 942
692 630
179 861
771 97
349 21
764 559
779 602
871 530
937 801
956 146
996 839
776 536
248 231
780 64
732 841
895 399
606 822
111 636
183 3
153 84
390 347
945 16
709 55
987 445
288 961
448 834
727 567
569 973
333 244
871 884
30 172
177 328
237 600
627 240
619 70
189 789
25 812
559 111
854 553
285 482
663 985
46 965
379 376
72 320
471 328
241 383
7 938
301 649
492 584
309 142
664 435
792 232
255 850
426 106
851 839
464 756
690 893
522 896
88 756
638 620
373 354
746 616
26 694
541 21
7 729
660 706
269 498
623 915
570 519
170 393
632 820
601 171
907 804
655 386
469 155
640 633
680 566
990 791
648 84
632 931
616 360
231 433
126 729
923 123
136 279
710 289
363 150
245 102
942 308
635 290
504 800
212 81
819 427
914 429
666 314
399 71
838 20
918 412
666 429
585 827
179 550
667 887
965 923
761 16
850 337
98 682
233 337
741 521
525 312
50 920
323 557
932 270
127 666
20 832
59 938
757 319
763 898
361 70
289 673
950 190
219 160
37 895
784 14
388 578
595 810
449 596
462 805
608 175
831 335
134 245
194 768
198 824
789 839
765 660
787 346
897 494
708 952
821 71
609 789
152 722
227 182
906 455
526 932
213 503
910 263
74 559
271 203
665 916
339 577
798 728
412 92
570 539
354 281
772 435
35 809
728 318
982 375
382 579
274 334
188 392
154 264
147 793
193 294
467 195
186 139
736 648
697 630
224 476
978 589
351 989
671 626
779 916
412 631
515 926
187 305
169 350
481 92
662 247
343 946
571 407
663 127
775 609
260 690
943 991
744 299
932 76
236 561
898 44
385 852
957 969
774 667
962 923
392 811
266 898
304 209
749 54
73 404
382 110
462 376
332 647
707 597
245 702
671 950
174 378
270 885
145 870
805 572
432 220
171 656
907 228
249 548
729 882
127 527
102 997
506 848
693 428
175 901
508 166
769 873
916 141
846 74
10 112
690 974
855 392
414 33
587 886
185 238
601 199
356 65
319 95
180 311
346 91
28 762
458 689
811 255
998 611
871 755
426 34
265 96
15 20
808 790
829 608
388 122
389 207
618 929
125 751
109 42
751 655
221 912
367 662
761 651
905 161
291 734
420 954
630 487
387 179
557 851
5 92
558 755
481 301
887 381
139 867
947 56
805 442
628 883
666 592
634 204
683 452
288 431
735 974
918 378
79 810
45 646
763 401
639 290
951 742
476 262
884 699
794 175
601 351
965 966
847 422
336 768
499 332
672 574
413 644
784 24
925 853
641 673
235 326
842 226
680 217
496 938
230 127
125 267
16 193
1 179
992 74
3 477
277 38
832 675
962 878
120 117
957 422
604 479
129 23
93 862
224 915
604 78
389 402
478 923
337 37
745 160
864 850
868 698
542 191
664 874
881 561
773 393
834 745
925 222
570 159
294 311
830 325
284 377
838 816
648 972
207 867
578 277
412 213
472 888
769 540
721 379
665 712
99 443
161 27
251 212
215 625
952 49
436 322
277 962
167 14
675 753
796 482
299 570
695 952
131 261
278 468
140 461
269 175
537 871
331 378
593 611
813 946
354 57
781 340
175 197
182 739
329 26
60 139
725 151
174 903
196 987
966 227
145 387
532 873
513 868
447 931
478 281
300 553
149 700
516 471
999 254
947 419
141 296
254 435
37 407
411 690
157 754
339 147
656 63
766 302
585 39
898 20
97 453
922 158
245 709
889 213
392 155
897 852
326 526
241 818
862 620
746 973
474 648
646 696
133 539
119 678
931 162
383 937
831 453
599 873
803 380
931 307
915 918
552 572
238 451
917 236
422 698
689 325
945 723
485 234
696 551
767 644
881 733
792 122
418 790
803 602
778 388
503 75
677 658
947 692
497 391
545 209
433 671
752 443
256 708
995 17
722 843
28 120
821 949
716 173
153 6
701 351
541 310
780 23
283 42
964 931
591 83
72 141
859 507
353 290
62 410
834 339
505 95
761 662
586 879
701 33
4 279
117 426
652 491
235 756
583 189
808 185
93 337
539 505
938 548
944 937
856 165
692 587
862 415
40 466
275 535
779 633
927 321
892 914
287 166
913 755
290 146
429 81
656 27
625 698
438 161
370 555
944 358
500 794
586 807
14 772
445 679
945 908
68 53
361 69
362 790
806 975
718 139
79 284
703 605
775 960
137 628
559 985
176 222
323 897
784 413
470 976
111 998
872 742
30 24
90 947
604 165
417 181
788 428
347 180
288 768
133 785
34 950
327 735
733 632
721 16
673 213
180 451
309 225
167 199
977 831
617 336
130 859
431 777
269 875
541 248
317 146
839 503
986 857
688 778
826 654
904 76
977 618
173 697
526 199
564 62
252 546
352 932
598 213
345 563
515 739
628 792
420 869
61 117
302 129
250 190
287 471
307 301
809 83
178 2
568 646
198 65
18 731
348 886
689 918
942 448
856 129
468 335
605 282
399 975
808 36
838 113
594 525
786 667
572 52
205 573
352 95
263 331
137 805
727 230
978 620
362 104
163 25
550 615
510 160
422 774
115 816
991 819
924 720
644 919
108 886
12 370
744 598
814 843
182 643
719 842
165 863
599 672
883 85
385 322
975 621
246 791
972 677
812 446
315 638
464 84
930 154
541 532
128 411
816 776
835 244
871 754
489 560
675 542
938 247
85 366
289 37
890 639
910 480
714 673
812 346
990 690
293 263
189 369
282 533
669 903
431 436
455 466
994 256
904 104
78 847
526 163
105 787
1 980
716 245
274 288
795 206
182 772
383 141
535 256
773 667
305 719
696 488
74 4
957 479
620 127
788 851
866 923
558 829
226 314
27 823
410 181
748 475
931 845
595 651
405 382
117 132
83 12
120 895
822 737
235 313
127 895
349 465
409 996
263 675
799 211
987 595
326 547
241 789
231 917
113 459
230 207
638 216
966 456
533 852
829 591
102 917
621 891
805 966
289 872
149 204
423 477
228 843
638 954
27 663
73 610
55 694
543 397
197 705
612 672
703 843
580 613
986 477
971 515
830 330
831 23
778 481
212 933
606 155
693 210
364 680
716 341
888 425
977 775
171 200
982 240
162 751
632 683
959 768
337 625
229 547
450 816
416 896
492 155
994 693
333 965
982 466
160 389
867 690
267 594
74 626
818 758
929 695
236 39
662 591
173 530
778 948
448 63
840 785
832 341
701 545
869 838
999 481
876 102
164 186
537 896
311 309
757 229
114 809
499 525
279 219
908 809
550 370
667 178
960 184
279 328
837 238
862 673
178 349
92 315
241 767
25 502
387 763
597 309
615 186
135 158
747 142
452 34
514 37
254 146
903 149
279 671
817 92
945 103
429 270
305 372
163 190
241 642
426 532
723 342
581 924
964 20
103 456
860 197
163 783
149 224
214 193
929 324
529 642
751 157
128 37
920 1
977 48
707 219
500 635
885 840
9 375
781 977
764 143
432 634
710 317
261 41
815 662
622 132
673 272
369 98
334 243
855 774
235 633
397 682
74 521
493 961
475 602
761 721
85 151
929 881
455 5
312 877
497 279
887 6
869 567
826 858
763 348
244 671
868 497
584 776
765 176
899 871
493 628
187 585
120 532
118 99
947 115
35 621
143 638
679 536
357 849
888 537
596 330
943 231
467 150
774 915
829 220
366 229
676 410
106 973
913 865
611 128
644 727
663 85
166 663
603 796
268 195
457 142
906 589
158 662
254 63
154 793
968 365
624 511
951 124
77 431
439 776
975 362
335 495
546 406
379 569
932 671
370 266
741 745
104 738
946 128
585 373
34 213
721 415
552 650
634 778
747 537
587 844
369 339
846 159
349 989
964 302
413 32
309 127
940 311
689 591
617 198
194 177
714 193
474 161
302 138
4 658
25 729
356 141
233 606
443 902
833 415
355 975
212 588
798 847
285 776
161 282
218 349
56 48
539 557
96 817
316 994
835 454
895 606
152 276
630 409
830 207
778 618
284 247
857 51
251 268
507 998
538 284
878 731
271 491
735 54
333 798
191 640
506 178
491 426
866 146
499 935
597 34
999 978
451 840
454 77
350 370
359 448
677 43
980 124
306 351
735 650
684 904
187 416
874 298
767 37
754 944
847 125
323 471
413 559
666 504
763 819
505 551
474 734
951 64
20 870
847 147
661 483
103 982
746 2
881 809
291 269
475 56
811 578
157 755
522 435
172 248
802 131
34 249
343 97
294 562
590 34
628 145
232 162
181 247
702 523
298 821
171 449
697 396
999 107
145 575
254 614
973 204
811 241
320 692
962 383
46 882
893 277
111 328
167 234
781 761
462 994
32 343
540 814
656 881
911 219
750 113
959 140
184 18
256 623
593 458
833 379
118 495
9 105
561 692
47 929
412 98
492 176
511 660
187 802
539 521
958 45
795 848
869 591
174 655
781 477
178 882
108 503
841 967
91 707
682 418
867 98
920 567
320 239
691 400
681 234
921 667
904 839
210 562
293 458
212 36
175 144
527 943
396 227
847 823
911 524
183 741
151 395
118 986
784 892
624 123
952 706
610 34
442 400
297 499
836 544
122 376
729 400
144 106
309 928
435 541
2 72
645 754
261 973
724 157
417 583
749 958
932 98
770 69
991 897
297 685
653 312
180 938
353 689
966 321
415 197
509 170
370 624
318 912
798 414
671 916
124 583
876 598
950 245
788 656
720 710
922 342
974 255
171 766
832 724
82 475
564 895
394 83
175 810
362 879
571 113
936 530
242 777
738 642
323 88
505 797
859 954
481 747
326 765
864 852
148 21
264 522
543 396
842 823
94 804
773 503
703 842
299 112
873 155
237 804
642 766
424 991
276 800
320 656
781 829
342 33
254 749
850 524
462 888
546 256
329 727
424 765
260 387
616 81
239 254
610 531
147 787
5 465
189 148
338 814
677 431
682 704
576 542
245 227
342 566
4 174
153 620
658 159
280 84
383 160
809 25
80 715
409 395
835 845
637 396
37 179
870 525
248 268
709 641
321 576
782 759
567 615
631 636
230 319
287 204
182 434
93 109
715 542
775 824
135 153
784 149
683 310
153 458
500 823
746 971
242 730
850 29
376 876
289 779
876 713
505 689
488 245
333 396
750 749
129 787
427 18
987 802
312 306
845 120
545 260
617 904
986 446
862 947
716 747
493 158
111 275
725 531
924 680
569 511
420 655
590 423
369 97
612 443
616 291
578 375
318 42
195 701
971 268
293 360
475 605
740 455
759 421
192 597
890 436
356 456
484 645
565 156
545 314
166 121
521 94
373 651
230 780
657 910
696 212
550 211
4 243
912 253
800 114
50 369
622 312
397 28
861 535
952 813
681 145
369 941
923 124
579 526
406 888
605 530
696 306
474 168
773 722
444 200
526 442
840 669
714 186
157 852
421 712
317 935
146 256
888 268
700 104
495 604
795 296
213 743
253 922
272 135
419 120
476 127
98 681
617 623
210 943
728 784
603 908
128 966
976 762
66 1000
531 148
724 836
11 947
257 23
349 649
707 523
563 623
659 876
931 243
936 603
711 473
59 796
557 117
885 408
50 761
474 285
369 7
846 109
849 191
944 213
429 96
824 523
461 130
600 774
341 988
852 286
54 307
829 654
827 433
43 46
637 154
151 614
264 496
146 926
9 227
599 194
949 447
47 945
62 120
913 486
803 854
255 617
791 541
385 849
855 922
215 571
53 396
184 341
539 477
223 92
787 102
265 692
873 687
397 431
626 337
735 49
185 594
749 146
395 722
326 494
438 724
221 732
203 369
61 115
923 88
696 462
183 640
386 930
912 358
895 157
482 906
690 167
891 554
273 429
168 133
79 113
374 567
963 727
956 341
119 981
124 973
964 787
447 723
72 223
962 696
870 17
28 966
898 508
489 962
281 486
673 548
637 491
655 764
12 594
345 731
328 775
681 773
8 901
940 246
873 45
217 529
721 993
530 207
963 60
391 575
68 856
698 435
78 401
872 482
670 181
633 541
233 680
860 579
937 554
226 547
760 599
318 19
642 567
103 983
390 72
384 597
193 140
338 952
483 33
289 488
553 619
481 576
852 561
374 181
431 819
71 252
336 293
860 903
681 247
259 398
28 209
807 627
435 209
130 353
892 577
296 137
459 759
925 974
641 875
148 941
836 658
396 115
623 902
130 387
704 36
684 65
840 548
953 779
405 380
886 335
438 252
165 540
426 796
192 406
333 456
144 265
576 268
867 799
462 97
409 923
158 894
361 114
201 473
457 935
732 341
832 725
998 198
909 623
894 439
474 290
336 335
11 217
31 298
641 98
716 994
37 901
811 830
333 46
596 438
949 164
453 853
845 83
603 540
159 519
369 491
977 244
275 107
901 483
740 93
975 790
891 219
912 964
754 113
789 606
464 751
817 813
490 867
933 931
662 766
611 345
557 803
126 854
696 57
829 958
459 949
978 863
649 197
282 998
709 989
875 493
838 755
557 800
643 483
44 876
709 622
268 356
70 920
911 754
237 786
717 703
527 898
59 454
351 534
912 174
804 404
509 506
131 769
335 34
746 647
552 84
537 672
719 200
957 707
727 749
935 800
166 843
560 990
279 552
945 20
495 142
685 202
903 151
119 818
543 188
266 808
340 921
569 47
576 82
135 446
614 446
293 834
845 789
483 556
328 863
6 56
962 386
812 984
323 723
237 886
57 496
437 642
651 770
5 129
498 245
872 58
837 48
695 586
274 162
55 811
313 312
355 981
104 211
745 491
810 289
346 816
493 959
178 985
203 118
242 464
868 364
852 617
100 873
530 149
22 750
696 213
878 317
660 624
517 425
852 386
54 799
606 331
882 778
588 358
731 986
865 460
916 824
558 921
157 547
245 98
250 264
841 427
165 865
24 843
810 598
836 746
302 74
793 697
387 328
340 360
69 86
316 833
282 593
332 850
269 741
970 882
810 795
188 923
373 401
619 306
399 571
348 209
918 877
921 63
867 855
63 622
177 287
231 676
91 369
491 699
6 250
764 600
177 360
16 554
509 947
797 694
693 453
767 724
509 804
510 583
938 508
629 531
722 343
319 39
94 765
294 483
59 618
780 650
565 940
983 397
368 614
709 935
741 171
144 625
462 900
467 794
599 221
748 761
566 270
809 523
131 206
613 993
482 357
469 89
389 631
290 636
610 617
852 542
265 298
434 339
341 664
151 821
436 261
493 820
645 183
910 37
1 973
381 927
644 113
478 43
503 620
937 26
870 744
302 132
840 811
767 368
198 53
274 733
370 902
317 857
800 381
306 202
629 480
207 190
652 281
946 58
552 157
300 339
364 491
889 60
874 296
140 980
912 5
396 430
272 228
1 314
37 428
371 302
687 486
106 193
876 477
15 712
609 62
976 743
222 763
249 703
343 285
254 168
590 774
810 910
336 725
853 812
115 714
680 430
955 244
315 661
278 539
524 359
638 925
661 74
534 712
348 475
684 93
868 642
524 502
712 110
441 88
691 824
893 162
364 560
388 832
944 897
172 943
844 604
734 777
823 584
864 519
424 628
939 87
99 306
686 832
858 45
17 763
191 371
727 933
792 450
242 393
705 807
563 385
913 338
398 170
660 697
807 826
645 171
38 975
818 721
356 528
449 146
625 217
660 552
277 652
98 187
425 921
622 766
715 40
135 755
676 469
617 142
494 988
219 553
49 711
140 154
326 245
130 384
757 191
406 61
27 776
748 470
235 173
53 980
992 864
370 652
576 111
922 23
266 979
598 688
488 735
932 108
774 635
520 614
483 964
407 562
546 762
488 622
676 244
179 659
842 369
590 755
793 915
611 692
461 773
188 579
48 246
996 963
234 129
354 387
951 766
558 508
157 445
880 738
135 490
449 615
51 983
710 602
345 566
732 422
147 488
974 415
354 828
51 836
876 901
570 40
592 672
270 189
846 213
82 638
85 557
904 56
68 260
660 25
38 989
773 262
811 223
536 787
587 628
933 576
721 238
596 782
814 536
467 722
837 784
198 550
471 630
57 806
901 115
316 565
578 384
246 306
262 567
511 274
32 484
458 258
703 264
191 484
624 733
696 58
218 386
38 409
925 655
969 615
531 232
249 451
701 168
62 482
480 409
574 281
943 204
395 618
433 307
287 971
403 827
559 28
762 136
417 775
844 349
408 638
136 557
432 324
857 549
804 484
512 293
149 54
978 307
300 843
254 223
340 708
991 999
789 564
497 634
111 744
957 932
908 360
893 806
50 576
751 440
275 605
148 213
167 667
248 682
85 894
803 403
242 811
975 689
748 783
224 657
699 136
461 156
962 387
767 640
517 579
204 322
224 512
471 74
281 767
87 151
171 307
425 388
180 410
934 263
72 261
541 127
393 247
322 183
342 178
351 794
644 376
43 883
501 467
436 290
990 649
517 7
403 619
299 538
752 270
400 499
588 924
358 760
262 810
340 851
563 358
929 592
839 241
786 443
827 685
311 628
406 296
465 812
654 194
303 912
862 97
936 114
900 725
369 653
46 221
66 556
175 315
847 501
850 443
469 843
914 584
275 810
202 374
957 742
793 314
245 308
504 114
641 749
335 807
926 670
286 377
110 605
827 55
920 467
519 277
810 939
265 991
430 568
513 324
110 460
367 487
813 137
486 499
876 815
110 447
113 617
668 791
704 600
579 340
228 782
580 59
67 392
506 936
823 758
247 256
323 304
626 139
493 128
332 2
685 514
9 225
584 363
252 489
843 662
665 731
941 809
857 278
565 77
325 744
994 649
55 120
834 126
448 301
398 207
19 278
757 614
924 19
672 252
967 79
454 166
56 273
95 144
841 300
402 404
477 880
403 917
676 434
956 898
980 8
912 344
273 274
790 281
918 450
601 326
966 446
128 646
53 991
653 128
33 799
784 49
748 258
383 297
866 725
785 409
257 192
312 865
858 724
585 52
640 390
452 101
699 44
920 303
439 418
509 279
618 52
619 277
604 103
314 245
703 637
25 894
449 922
177 651
513 209
684 94
889 744
769 520
360 506
803 312
327 558
238 511
610 681
902 60
760 891
834 670
928 583
413 1
414 874
94 734
556 951
925 443
30 282
893 274
142 880
254 756
365 243
542 949
795 646
243 581
172 575
545 435
341 208
547 541
420 439
473 456
590 413
5 105
152 563
229 523
969 872
805 939
345 6
553 617
94 395
22 740
920 568
740 409
446 260
982 458
98 808
74 735
950 916
558 645
528 936
695 960
402 361
279 596
422 858
535 284
969 143
226 212
908 946
710 354
782 879
182 172
914 351
588 650
183 742
278 734
168 69
796 863
536 912
374 375
828 104
704 38
334 737
961 905
287 213
273 399
379 953
639 15
438 242
3 435
893 959
409 1000
852 324
818 372
358 5
374 872
824 905
96 116
22 364
250 810
500 990
449 836
90 606
698 785
52 882
962 666
873 493
33 758
339 422
42 620
175 788
997 948
964 67
570 70
110 375
807 439
2 570
498 493
775 149
617 97
64 879
484 168
786 750
767 751
76 274
223 589
877 704
91 247
826 270
811 222
599 23
359 786
809 561
368 687
426 3
544 674
228 395
94 468
32 485
679 189
863 416
80 273
320 288
407 42
48 895
285 638
192 874
815 306
429 531
605 666
351 855
892 572
39 512
960 367
407 60
853 476
514 586
221 258
458 116
558 899
307 692
301 980
679 705
39 870
614 682
460 825
120 730
999 868
101 49
678 443
2 184
840 578
433 28
386 138
353 965
120 952
157 717
748 330
163 68
534 181
662 126
918 212
667 980
895 282
718 257
442 4
334 14
598 959
432 50
145 851
919 1
689 414
346 331
37 982
521 677
977 411
997 936
33 259
330 730
203 607
538 764
193 417
7 297
266 411
988 684
954 876
721 47
370 87
133 841
209 211
727 113
820 917
616 693
659 273
823 514
458 754
919 835
840 9
996 118
7 561
381 498
777 297
553 903
937 660
243 573
248 913
941 964
52 93
234 856
329 752
311 800
94 432
935 170
424 732
541 239
355 36
325 644
242 462
151 776
726 900
651 14
711 208
342 925
551 363
477 762
537 673
715 98
643 449
628 769
700 662
810 306
869 789
763 382
532 667
490 500
365 566
425 147
442 629
156 911
28 626
815 52
89 652
52 512
827 906
956 110
338 341
377 137
487 116
400 944
559 416
712 553
538 237
921 227
580 608
128 985
845 580
408 377
687 445
266 891
585 31
179 714
755 875
612 800
439 772
906 683
564 899
31 462
125 447
641 398
380 317
760 898
617 799
104 742
985 867
90 953
823 979
668 784
794 727
488 348
251 742
767 726
533 106
430 425
647 295
63 44
635 817
20 369
557 566
526 575
854 29
485 491
881 446
660 833
510 950
441 653
388 140
191 345
56 52
455 84
605 15
26 660
672 142
946 613
402 243
190 786
601 137
618 873
677 356
641 315
863 9
180 161
939 553
563 325
428 797
468 7
631 165
553 447
65 373
691 41
236 506
827 569
196 536
692 901
783 622
974 555
151 464
411 399
719 285
956 225
680 639
886 358
500 37
73 13
554 88
758 940
211 307
909 870
659 943
567 846
434 582
608 773
182 232
936 796
847 238
860 88
119 839
836 893
712 803
604 497
970 743
239 350
332 524
496 866
473 308
603 651
275 660
613 510
741 265
449 921
965 433
795 821
521 765
676 523
864 827
333 408
888 844
988 660
293 634
954 804
351 308
449 340
927 555
677 708
932 883
424 630
99 308
748 735
656 885
937 958
609 843
655 34
17 650
470 300
402 68
479 438
583 828
988 913
394 50
661 53
866 336
829 348
743 698
264 140
709 998
527 149
836 96
1000 517
657 228
566 852
364 148
183 634
960 435
100 750
619 918
247 585
676 471
279 898
862 62
905 615
272 767
54 630
719 320
562 445
875 78
892 864
348 966
940 514
232 695
728 860
840 438
676 4
474 924
201 252
93 950
93 270
166 802
281 52
135 177
121 309
338 474
254 123
223 904
926 727
968 425
732 353
258 655
51 936
652 405
417 278
860 254
538 886
48 470
727 270
855 309
68 921
662 415
186 332
651 906
979 521
600 850
730 641
90 224
453 850
76 275
497 209
99 626
209 246
345 752
329 136
237 800
399 49
55 595
544 564
636 426
621 698
512 18
640 455
308 125
327 307
690 150
578 367
355 954
217 957
878 458
773 38
213 425
34 588
678 877
312 854
22 641
976 333
578 49
598 52
431 87
769 816
40 928
666 924
705 946
68 757
545 809
674 655
325 961
588 969
469 748
494 668
903 814
958 303
527 798
51 81
696 282
255 401
493 540
403 972
141 64
318 80
46 53
614 683
508 834
348 827
918 395
460 905
689 977
136 559
335 23
874 479
603 823
272 159
899 458
519 525
847 384
337 447
541 769
361 305
876 400
718 222
558 60
27 564
578 4
513 461
788 705
955 80
128 340
932 91
45 168
484 408
980 517
174 436
50 638
215 280
430 802
628 714
483 704
680 6
898 419
439 961
299 178
889 566
30 38
803 354
72 504
418 220
510 558
280 229
820 999
413 87
224 514
826 291
310 624
958 828
65 947
602 202
789 618
896 666
700 851
721 200
406 994
399 667
458 469
372 975
929 884
895 673
198 403
843 970
296 407
976 297
351 179
703 302
601 172
360 542
222 420
813 895
778 962
874 895
606 334
862 212
934 193
168 412
60 310
478 221
503 570
306 82
58 979
98 464
596 343
641 848
878 909
917 515
465 972
284 184
468 305
348 799
656 130
361 668
892 936
804 26
220 193
944 653
136 858
168 213
656 17
750 849
555 805
612 850
957 597
391 19
799 150
215 335
805 513
607 757
224 994
496 839
25 247
284 836
99 349
180 917
812 178
86 587
556 311
523 62
928 718
233 918
567 297
850 799
617 807
146 662
725 578
85 483
727 20
825 20
773 348
775 12
968 524
327 507
740 16
905 61
269 446
847 881
502 918
592 509
473 140
223 655
670 537
213 210
520 418
298 432
389 519
855 756
622 737
644 3
957 68
763 285
66 551
451 847
202 39
683 700
999 862
726 754
620 17
322 716
362 289
415 313
900 715
706 614
670 981
418 638
735 753
405 356
944 730
95 897
582 108
395 146
698 537
865 56
496 901
339 822
813 440
64 345
346 163
999 397
582 255
788 522
37 570
279 112
817 14
818 289
309 666
550 1000
497 789
421 812
141 733
127 564
168 709
478 934
807 397
20 65
259 153
708 86
143 993
384 924
646 932
748 92
530 645
423 234
389 22
427 239
191 158
354 488
778 326
691 987
124 194
643 860
554 289
517 187
649 499
462 790
325 8
217 977
683 220
441 537
482 503
65 133
193 72
319 536
86 253
352 49
677 438
337 271
114 714
79 620
818 716
564 24
216 134
161 539
105 489
517 494
207 456
265 549
857 899
363 198
883 959
428 553
502 271
931 533
993 316
560 382
459 632
670 934
375 227
532 963
296 939
448 870
358 217
719 240
914 813
705 386
266 990
413 669
931 960
415 51
577 584
172 292
391 202
653 307
582 219
237 146
750 777
326 549
419 133
840 409
836 850
328 490
241 664
957 782
707 967
279 742
121 534
51 939
196 64
915 530
169 861
167 833
225 560
662 950
854 517
394 47
617 103
801 213
94 809
973 26
651 794
389 216
804 544
379 197
824 438
932 769
57 73
958 769
320 661
952 103
29 51
638 745
792 259
150 957
547 571
472 895
113 873
789 602
132 179
981 962
374 921
930 512
713 912
553 587
146 19
900 184
265 870
799 970
437 929
386 725
630 474
960 754
388 379
544 497
543 941
550 59
438 737
240 88
347 860
829 464
354 48
961 216
486 733
583 65
222 311
472 204
661 995
60 130
317 813
389 634
601 482
123 610
2 263
511 203
663 222
921 491
631 714
154 506
139 610
296 775
715 311
886 316
646 430
447 928
49 369
654 438
89 592
127 904
917 704
865 247
828 509
41 981
478 546
83 46
766 337
253 866
845 606
462 214
486 232
906 693
673 646
230 237
361 82
876 695
55 498
758 695
806 821
916 221
385 275
65 743
711 872
200 270
453 676
955 430
480 526
299 194
427 9
45 474
587 823
21 657
793 424
176 486
985 592
380 828
161 22
682 912
555 162
68 547
638 537
968 529
329 869
295 598
597 793
855 796
568 198
90 406
255 624
848 214
462 846
368 427
4 105
522 545
226 969
65 77
288 236
200 936
956 667
479 286
800 119
692 141
726 901
316 169
482 129
192 709
946 304
472 407
435 269
331 492
773 733
852 186
362 458
342 748
149 616
508 899
480 128
814 229
729 467
783 810
220 194
865 19
746 886
34 410
822 675
289 930
110 753
755 764
827 219
59 53
851 209
102 117
275 525
203 612
495 174
7 450
923 733
525 641
287 850
73 706
956 912
7 83
716 612
506 836
73 595
20 942
556 168
774 243
225 632
890 942
906 907
102 806
272 727
772 976
539 999
578 515
741 501
752 786
362 578
916 471
372 671
690 772
626 134
369 439
665 578
800 727
893 508
975 928
518 417
460 217
834 970
1000 510
397 712
570 944
441 764
473 273
639 754
671 443
425 16
209 761
678 5
961 23
605 704
23 215
493 594
116 683
65 331
529 452
987 896
291 921
596 372
500 257
303 806
454 470
644 802
719 366
782 608
192 225
943 886
361 750
782 688
415 457
18 287
942 58
448 906
927 290
291 68
165 476
227 822
448 569
432 414
254 93
571 141
555 768
496 789
741 597
823 363
798 420
49 155
837 450
620 982
76 692
885 470
926 411
162 60
826 23
681 776
702 674
651 96
371 799
392 440
943 946
911 259
446 94
214 234
328 633
113 965
411 658
329 829
570 997
165 399
834 46
972 96
960 632
687 767
100 827
484 602
626 287
844 426
888 778
113 34
964 851
531 208
787 826
237 271
458 204
669 674
453 264
122 49
142 290
574 353
575 520
257 53
526 452
343 776
821 648
145 415
255 76
597 945
1000 805
123 566
970 69
503 301
560 713
297 501
597 802
379 973
286 523
791 629
953 782
326 888
516 472
934 635
597 800
908 98
590 580
22 496
174 303
603 971
772 126
44 239
632 7
909 537
259 645
552 298
96 230
831 600
779 501
543 84
128 161
423 474
741 299
177 692
159 492
642 982
916 169
898 588
183 506
276 200
462 695
101 93
603 439
90 238
755 240
478 35
546 45
603 36
418 408
668 632
371 616
857 433
329 840
230 896
242 199
5 57
794 862
302 661
674 824
927 670
532 334
509 435
26 859
801 187
160 45
34 237
803 789
271 267
592 224
518 760
242 425
247 152
244 575
730 370
179 488
913 779
420 966
758 268
981 35
934 219
313 739
407 57
999 899
654 234
929 569
35 630
903 697
320 112
109 586
277 398
335 440
706 572
945 476
875 159
219 659
232 774
70 1000
532 67
979 122
709 429
965 51
31 557
970 859
406 501
847 51
871 137
289 183
185 626
558 429
686 230
254 228
440 544
607 800
441 329
558 284
587 830
30 149
533 226
437 189
72 506
556 1000
704 751
246 854
263 422
690 910
462 721
803 757
806 532
475 772
977 186
194 164
164 988
91 212
134 288
565 964
358 834
919 717
759 306
743 905
523 464
82 896
89 164
334 700
569 114
221 959
151 478
630 517
83 962
100 876
228 313
753 78
471 903
539 503
591 950
908 251
885 105
138 656
801 304
56 377
19 367
900 44
170 257
379 143
778 960
943 398
851 675
790 535
107 247
434 29
734 400
747 786
230 755
755 344
840 643
822 586
641 854
516 370
166 575
244 811
944 929
671 534
144 25
992 957
644 734
277 275
508 727
609 164
166 793
447 596
304 302
966 368
572 927
101 465
927 111
797 417
125 459
733 140
176 953
224 996
991 852
22 39
284 838
825 606
54 120
770 297
901 977
479 741
797 512
673 530
727 323
654 975
256 94
385 382
426 386
834 519
980 761
674 444
664 250
313 12
59 752
962 927
122 644
345 483
941 804
258 774
261 229
246 557
122 759
820 884
217 729
364 600
788 138
39 48
302 866
968 526
40 717
57 241
973 259
578 341
744 85
697 448
411 806
144 667
513 550
971 302
240 309
423 951
982 418
588 45
576 557
117 707
991 820
673 297
108 394
248 26
922 632
740 711
759 165
563 326
50 271
917 835
203 375
187 618
830 976
748 201
596 373
832 3
11 614
932 230
71 602
178 912
243 852
331 745
905 810
836 602
430 783
236 554
292 788
221 154
421 968
59 86
266 907
858 801
487 379
556 472
645 953
121 399
766 505
270 834
567 248
41 408
842 425
456 100
811 554
138 693
491 666
663 570
560 249
450 739
29 666
600 714
251 534
824 706
370 184
580 27
394 152
930 54
968 253
698 458
699 895
377 861
325 976
401 573
777 810
247 480
431 745
890 532
29 222
235 821
521 649
368 278
313 379
332 311
483 39
518 285
367 665
118 273
32 76
970 333
429 555
334 907
801 504
700 746
649 828
504 899
321 851
529 278
621 168
624 916
911 740
93 463
916 782
277 760
723 552
944 779
709 517
636 555
326 95
760 771
176 628
838 58
127 1
420 103
984 894
522 293
589 261
490 495
456 339
143 861
23 827
130 298
852 465
102 208
853 632
527 763
1 281
537 383
349 297
528 580
383 97
41 665
190 336
104 515
585 468
234 138
570 352
704 486
825 662
154 634
854 539
158 2
400 592
750 331
4 563
225 784
671 465
413 481
553 798
660 38
682 954
42 363
9 172
629 693
285 167
513 844
829 554
705 740
155 711
372 839
856 632
748 574
358 822
511 544
55 882
39 329
170 8
868 231
961 259
464 741
289 398
421 153
762 721
389 955
855 600
553 730
493 759
758 269
351 233
467 420
291 626
608 409
438 903
944 856
870 806
948 460
510 602
753 796
312 550
98 459
887 713
122 453
13 50
804 259
92 749
329 14
634 486
240 735
675 566
698 765
839 926
865 132
297 464
980 179
728 908
692 751
275 789
202 351
279 433
887 924
31 176
268 166
337 641
239 445
762 486
68 331
659 1000
280 469
831 750
245 637
200 82
453 384
612 927
538 806
613 418
885 397
707 933
945 1000
621 855
733 841
135 778
112 925
846 24
152 4
100 346
379 877
307 672
976 849
663 979
63 167
750 359
370 83
578 684
730 787
541 966
76 129
95 743
480 878
450 74
492 465
510 926
649 440
924 870
569 817
748 546
821 154
753 252
349 282
241 32
21 994
61 789
281 909
798 746
433 662
967 209
184 320
916 625
773 936
766 432
459 929
431 116
823 164
621 223
623 625
37 126
43 832
517 292
278 376
481 364
726 890
917 708
35 533
434 568
101 796
156 755
106 930
39 774
465 435
897 636
442 339
704 98
614 549
761 119
429 55
219 623
898 94
340 917
941 156
465 739
203 6
853 560
456 506
699 406
202 706
634 705
652 32
712 779
107 707
497 675
710 652
616 301
36 476
512 657
345 704
716 977
483 590
101 3
266 40
15 759
110 307
555 482
1000 179
251 875
802 89
604 813
971 61
384 802
313 124
506 663
893 265
622 313
897 484
76 165
132 343
369 995
800 745
949 440
512 664
792 381
720 64
133 24
392 75
947 667
431 298
380 386
273 824
19 172
792 492
528 818
143 279
921 869
977 609
907 890
51 236
53 518
174 793
133 510
891 852
550 65
292 337
937 28
857 981
487 182
235 921
697 636
148 880
443 820
835 778
286 642
343 983
35 414
491 192
292 55
559 467
62 665
47 303
909 128
969 493
399 982
164 73
735 754
629 411
171 863
496 24
698 46
516 629
934 840
338 87
859 539
714 888
254 67
279 984
662 58
343 238
650 530
104 552
703 819
73 275
510 312
974 235
595 242
962 691
484 339
896 301
695 87
736 44
115 89
709 728
615 348
907 111
756 470
409 342
337 64
508 47
536 482
976 254
439 699
152 491
574 489
691 830
